{
    "Formula": "SrAl2Te4",
    "matID": "00332839",
    "Source": "jarvis",
    "Point Group": "2",
    "Space Group": "C2",
    "poscar": "Sr1 Al2 Te4\n1.0\n   5.3911308852774926   -4.2107283110163376    0.0359450923920267\n   5.3911308852774926    4.2107283110163376    0.0359450923920267\n  -4.2401683091713886    0.0000000000000000    5.2312132587502918\nSr Al Te\n1 2 4\ndirect\n   0.0000018907501394    0.9999981092498608    0.0000000000000000 Sr\n   0.4999943643303980    0.5000056356696020    0.5000000000000000 Al\n   0.5000050239844371    0.4999949760155629    0.0000000000000000 Al\n   0.1552881025027058    0.5000005158861918    0.5776430212916636 Te\n   0.4999994841138082    0.8447118974972945    0.4223569787083365 Te\n   0.5000031160620887    0.1552919717435834    0.0776466792245714 Te\n   0.8447080282564168    0.4999968839379114    0.9223533207754285 Te\n",
    "cif": "# generated using pymatgen\ndata_Sr(AlTe2)2\n_symmetry_space_group_name_H-M   'P 1'\n_cell_length_a   6.84074683\n_cell_length_b   6.84074683\n_cell_length_c   6.73384136\n_cell_angle_alpha   119.48287934\n_cell_angle_beta   119.48287934\n_cell_angle_gamma   75.98180506\n_symmetry_Int_Tables_number   1\n_chemical_formula_structural   Sr(AlTe2)2\n_chemical_formula_sum   'Sr1 Al2 Te4'\n_cell_volume   238.78676957\n_cell_formula_units_Z   1\nloop_\n _symmetry_equiv_pos_site_id\n _symmetry_equiv_pos_as_xyz\n  1  'x, y, z'\nloop_\n _atom_site_type_symbol\n _atom_site_label\n _atom_site_symmetry_multiplicity\n _atom_site_fract_x\n _atom_site_fract_y\n _atom_site_fract_z\n _atom_site_occupancy\n  Sr  Sr0  1  0.00000189  0.99999811  0.00000000  1\n  Al  Al1  1  0.49999436  0.50000564  0.50000000  1\n  Al  Al2  1  0.50000502  0.49999498  0.00000000  1\n  Te  Te3  1  0.15528810  0.50000052  0.57764302  1\n  Te  Te4  1  0.49999948  0.84471190  0.42235698  1\n  Te  Te5  1  0.50000312  0.15529197  0.07764668  1\n  Te  Te6  1  0.84470803  0.49999688  0.92235332  1\n",
    "abc": [
        6.84075,
        6.84075,
        6.73384
    ],
    "angles": [
        119.48288,
        119.48288,
        75.98181
    ],
    "eij": [
        [
            -0.0,
            -0.0,
            0.0,
            -0.0403,
            0.0,
            0.02595
        ],
        [
            -0.06431,
            0.00066,
            0.0651,
            0.0,
            0.0117,
            0.0
        ],
        [
            0.0,
            0.0,
            0.0,
            -0.02782,
            0.0,
            0.02129
        ]
    ],
    "Cij": [
        [
            44.18443,
            16.22674,
            14.25178,
            0.0,
            -7.815720000000001,
            0.0
        ],
        [
            16.22674,
            32.11845,
            15.315520000000001,
            0.0,
            2.3303000000000003,
            0.0
        ],
        [
            14.25178,
            15.315520000000001,
            51.03734,
            0.0,
            -8.185080000000001,
            0.0
        ],
        [
            0.0,
            0.0,
            0.0,
            15.3355,
            0.0,
            -1.42477
        ],
        [
            -7.815720000000001,
            2.3303000000000003,
            -8.185080000000001,
            0.0,
            17.4982,
            0.0
        ],
        [
            0.0,
            0.0,
            0.0,
            -1.42477,
            0.0,
            14.792850000000001
        ]
    ],
    "Sij": [
        [
            0.03200433443212824,
            -0.01665423361426994,
            -0.001395739735614707,
            0.0,
            0.01586003336937636,
            0.0
        ],
        [
            -0.01665423361426994,
            0.04697035314945643,
            -0.012584757434361805,
            0.0,
            -0.019580704704983735,
            0.0
        ],
        [
            -0.0013957397356147078,
            -0.012584757434361807,
            0.025869189657863525,
            0.0,
            0.013153292119626039,
            0.0
        ],
        [
            0.0,
            0.0,
            0.0,
            0.06579694683265759,
            0.0,
            0.006337218043768819
        ],
        [
            0.015860033369376355,
            -0.019580704704983735,
            0.01315329211962604,
            0.0,
            0.07299306468335226,
            0.0
        ],
        [
            0.0,
            0.0,
            0.0,
            0.006337218043768819,
            0.0,
            0.06821059350647242
        ]
    ],
    "dij": [
        [
            0.0,
            0.0,
            0.0,
            -2.4871661491203,
            0.0,
            1.514675014329076
        ],
        [
            -1.974490807882399,
            0.053672242787078106,
            1.9194318470172433,
            0.0,
            0.6774161626929938,
            0.0
        ],
        [
            0.0,
            0.0,
            0.0,
            -1.6955516887326958,
            0.0,
            1.2759021297751492
        ]
    ],
    "poisson": [
        0.3545690525527308,
        0.4864766774994973,
        0.04361095958969747
    ]
}