{
    "Formula": "ZnMo2O4",
    "matID": "00729808",
    "Source": "jarvis",
    "Point Group": "m",
    "Space Group": "Cm",
    "poscar": "Zn2 Mo4 O8\n1.0\n   5.2832136291549485   -3.0503969711639494   -0.0001135739097993\n   5.2832135209821676    3.0503967824510392   -0.0001136652624621\n  -3.5219507927290836   -0.0000000122848280    4.9813400464470261\nZn Mo O\n2 4 8\ndirect\n   0.8750055086905130    0.8750055368875438    0.1249848872744693 Zn\n   0.1249969451420653    0.1249969773526562    0.8749996662294246 Zn\n   0.5152255682483331    0.9543106657723858    0.4847709191074087 Mo\n   0.5152267377094842    0.5152267574002585    0.0456867039852361 Mo\n   0.9543106635687939    0.5152255877477067    0.4847709299762601 Mo\n   0.5152187964222942    0.5152188185285508    0.4847741125862750 Mo\n   0.2609824450466471    0.2609822978854254    0.2829719531640466 O\n   0.7170236588324077    0.2609867509761619    0.7390143322933819 O\n   0.2609888161558809    0.2609886772422607    0.7390048992188332 O\n   0.7521360242926314    0.2435530046797008    0.2478536653840272 O\n   0.7521529084305083    0.7521529843609375    0.2478543478306579 O\n   0.2435529528355060    0.7521360854906616    0.2478536672244073 O\n   0.2609868494039015    0.7170236481114206    0.7390143803162940 O\n   0.7521393102210296    0.7521393925643267    0.7564407254092782 O\n",
    "cif": "# generated using pymatgen\ndata_Zn(MoO2)2\n_symmetry_space_group_name_H-M   'P 1'\n_cell_length_a   6.10059570\n_cell_length_b   6.10059552\n_cell_length_c   6.10064636\n_cell_angle_alpha   119.99821592\n_cell_angle_beta   119.99821463\n_cell_angle_gamma   60.00214883\n_symmetry_Int_Tables_number   1\n_chemical_formula_structural   Zn(MoO2)2\n_chemical_formula_sum   'Zn2 Mo4 O8'\n_cell_volume   160.55509676\n_cell_formula_units_Z   2\nloop_\n _symmetry_equiv_pos_site_id\n _symmetry_equiv_pos_as_xyz\n  1  'x, y, z'\nloop_\n _atom_site_type_symbol\n _atom_site_label\n _atom_site_symmetry_multiplicity\n _atom_site_fract_x\n _atom_site_fract_y\n _atom_site_fract_z\n _atom_site_occupancy\n  Zn  Zn0  1  0.87500551  0.87500554  0.12498489  1\n  Zn  Zn1  1  0.12499695  0.12499698  0.87499967  1\n  Mo  Mo2  1  0.51522557  0.95431067  0.48477092  1\n  Mo  Mo3  1  0.51522674  0.51522676  0.04568670  1\n  Mo  Mo4  1  0.95431066  0.51522559  0.48477093  1\n  Mo  Mo5  1  0.51521880  0.51521882  0.48477411  1\n  O  O6  1  0.26098245  0.26098230  0.28297195  1\n  O  O7  1  0.71702366  0.26098675  0.73901433  1\n  O  O8  1  0.26098882  0.26098868  0.73900490  1\n  O  O9  1  0.75213602  0.24355300  0.24785367  1\n  O  O10  1  0.75215291  0.75215298  0.24785435  1\n  O  O11  1  0.24355295  0.75213609  0.24785367  1\n  O  O12  1  0.26098685  0.71702365  0.73901438  1\n  O  O13  1  0.75213931  0.75213939  0.75644073  1\n",
    "abc": [
        6.1006,
        6.1006,
        6.10065
    ],
    "angles": [
        119.99822,
        119.99821,
        60.00215
    ],
    "eij": [
        [
            -0.10487,
            0.10832,
            0.00192,
            0.0,
            0.07559,
            0.0
        ],
        [
            0.0,
            0.0,
            -0.0,
            0.07549,
            0.0,
            0.10652
        ],
        [
            0.07795,
            0.07788,
            -0.14749,
            0.0,
            0.00055,
            0.0
        ]
    ],
    "Cij": [
        [
            290.03631,
            176.96147000000002,
            170.08571,
            -1e-05,
            -7.52537,
            -1e-05
        ],
        [
            176.96147000000002,
            290.91761,
            170.92113,
            -1e-05,
            6.07697,
            -1e-05
        ],
        [
            170.08571,
            170.92113,
            295.36080000000004,
            -1e-05,
            -1.0736599999999998,
            -1e-05
        ],
        [
            -1e-05,
            -1e-05,
            -1e-05,
            52.920640000000006,
            0.0,
            6.68221
        ],
        [
            -7.52537,
            6.07697,
            -1.0736599999999998,
            0.0,
            53.03304000000001,
            0.0
        ],
        [
            -1e-05,
            -1e-05,
            -1e-05,
            6.68221,
            0.0,
            57.400279999999995
        ]
    ],
    "Sij": [
        [
            0.0063208748604549,
            -0.0026256610082317842,
            -0.0021162913706960847,
            2.6755662203926836e-10,
            0.0011549556245079335,
            2.43924860295338e-10
        ],
        [
            -0.0026256610082317847,
            0.006321855407954171,
            -0.0021505081019464445,
            2.619245779345336e-10,
            -0.001140528824459776,
            2.387902627624726e-10
        ],
        [
            -0.0021162913706960847,
            -0.0021505081019464445,
            0.005849075051450093,
            2.6812482180350335e-10,
            6.453741946021191e-05,
            2.444428741910677e-10
        ],
        [
            2.675566220392684e-10,
            2.619245779345336e-10,
            2.681248218035033e-10,
            0.01917812689591701,
            1.3380897466982381e-11,
            -0.002232607076571014
        ],
        [
            0.0011549556245079335,
            -0.001140528824459776,
            6.453741946021179e-05,
            1.3380897466982392e-11,
            0.01915205538102583,
            1.2199038545122931e-11
        ],
        [
            2.43924860295338e-10,
            2.387902627624726e-10,
            2.444428741910677e-10,
            -0.002232607076571014,
            1.2199038545122917e-11,
            0.0176814250615701
        ]
    ],
    "dij": [
        [
            -0.864041930802754,
            0.8697948983262113,
            0.0051010460778411456,
            1.8392690260025329e-09,
            1.2031654994894763,
            1.6768168053316243e-09
        ],
        [
            4.618072551640378e-08,
            4.5208625177736524e-08,
            4.6278797756779e-08,
            1.2099394935764307,
            2.309565535608993e-09,
            1.7148858893481014
        ],
        [
            0.600992755908813,
            0.6042269726824314,
            -1.1950910670830202,
            1.7163543433105853e-09,
            0.0022194125448435856,
            1.5647584807222138e-09
        ]
    ],
    "poisson": [
        0.4153307595311611,
        0.3676663545996549,
        0.33480988271673834
    ]
}