{
    "Formula": "SbIrSe",
    "matID": "09768612",
    "Source": "jarvis",
    "Point Group": "23",
    "Space Group": "P2_13",
    "poscar": "Sb4 Ir4 Se4\n1.0\n   6.2644054103512739   -0.0000000000000000   -0.0000000000000000\n   0.0000000000000000    6.2644054103512739   -0.0000000000000000\n  -0.0000000000000000    0.0000000000000000    6.2644054103512739\nSb Ir Se\n4 4 4\ndirect\n   0.6250228487845162    0.6250228487845162    0.6250228487845162 Sb\n   0.8749771512154838    0.3749771512154838    0.1250228487845162 Sb\n   0.3749771512154838    0.1250228487845162    0.8749771512154838 Sb\n   0.1250228487845162    0.8749771512154838    0.3749771512154838 Sb\n   0.9950336667460719    0.9950336667460719    0.9950336667460719 Ir\n   0.5049663332539281    0.0049663332539281    0.4950336667460719 Ir\n   0.0049663332539281    0.4950336667460719    0.5049663332539281 Ir\n   0.4950336667460719    0.5049663332539281    0.0049663332539281 Ir\n   0.3792422694388577    0.3792422694388577    0.3792422694388577 Se\n   0.1207577305611423    0.6207577305611425    0.8792422694388575 Se\n   0.6207577305611425    0.8792422694388575    0.1207577305611423 Se\n   0.8792422694388575    0.1207577305611423    0.6207577305611425 Se\n",
    "cif": "# generated using pymatgen\ndata_SbIrSe\n_symmetry_space_group_name_H-M   'P 1'\n_cell_length_a   6.26440541\n_cell_length_b   6.26440541\n_cell_length_c   6.26440541\n_cell_angle_alpha   90.00000000\n_cell_angle_beta   90.00000000\n_cell_angle_gamma   90.00000000\n_symmetry_Int_Tables_number   1\n_chemical_formula_structural   SbIrSe\n_chemical_formula_sum   'Sb4 Ir4 Se4'\n_cell_volume   245.83265294\n_cell_formula_units_Z   4\nloop_\n _symmetry_equiv_pos_site_id\n _symmetry_equiv_pos_as_xyz\n  1  'x, y, z'\nloop_\n _atom_site_type_symbol\n _atom_site_label\n _atom_site_symmetry_multiplicity\n _atom_site_fract_x\n _atom_site_fract_y\n _atom_site_fract_z\n _atom_site_occupancy\n  Sb  Sb0  1  0.62502285  0.62502285  0.62502285  1\n  Sb  Sb1  1  0.87497715  0.37497715  0.12502285  1\n  Sb  Sb2  1  0.37497715  0.12502285  0.87497715  1\n  Sb  Sb3  1  0.12502285  0.87497715  0.37497715  1\n  Ir  Ir4  1  0.99503367  0.99503367  0.99503367  1\n  Ir  Ir5  1  0.50496633  0.00496633  0.49503367  1\n  Ir  Ir6  1  0.00496633  0.49503367  0.50496633  1\n  Ir  Ir7  1  0.49503367  0.50496633  0.00496633  1\n  Se  Se8  1  0.37924227  0.37924227  0.37924227  1\n  Se  Se9  1  0.12075773  0.62075773  0.87924227  1\n  Se  Se10  1  0.62075773  0.87924227  0.12075773  1\n  Se  Se11  1  0.87924227  0.12075773  0.62075773  1\n",
    "abc": [
        6.26441,
        6.26441,
        6.26441
    ],
    "angles": [
        90.0,
        90.0,
        90.0
    ],
    "eij": [
        [
            0.0,
            -0.0,
            -0.0,
            0.07576,
            0.0,
            0.0
        ],
        [
            -0.0,
            0.0,
            -0.0,
            0.0,
            0.07576,
            0.0
        ],
        [
            -0.0,
            -0.0,
            0.0,
            0.0,
            0.0,
            0.07576
        ]
    ],
    "Cij": [
        [
            265.0708,
            63.305859999999996,
            63.305859999999996,
            0.0,
            0.0,
            0.0
        ],
        [
            63.305859999999996,
            265.0708,
            63.305859999999996,
            0.0,
            0.0,
            0.0
        ],
        [
            63.305859999999996,
            63.305859999999996,
            265.0708,
            0.0,
            0.0,
            0.0
        ],
        [
            0.0,
            0.0,
            0.0,
            68.82918,
            0.0,
            0.0
        ],
        [
            0.0,
            0.0,
            0.0,
            0.0,
            68.82918,
            0.0
        ],
        [
            0.0,
            0.0,
            0.0,
            0.0,
            0.0,
            68.82918
        ]
    ],
    "Sij": [
        [
            0.00415520436339887,
            -0.0008010581071770385,
            -0.0008010581071770385,
            0.0,
            0.0,
            0.0
        ],
        [
            -0.0008010581071770385,
            0.004155204363398869,
            -0.0008010581071770384,
            0.0,
            0.0,
            0.0
        ],
        [
            -0.0008010581071770383,
            -0.0008010581071770384,
            0.004155204363398869,
            0.0,
            0.0,
            0.0
        ],
        [
            0.0,
            0.0,
            0.0,
            0.014528721684611091,
            0.0,
            0.0
        ],
        [
            0.0,
            0.0,
            0.0,
            0.0,
            0.014528721684611091,
            0.0
        ],
        [
            0.0,
            0.0,
            0.0,
            0.0,
            0.0,
            0.014528721684611091
        ]
    ],
    "dij": [
        [
            0.0,
            0.0,
            0.0,
            1.1006959548261361,
            0.0,
            0.0
        ],
        [
            0.0,
            0.0,
            0.0,
            0.0,
            1.1006959548261361,
            0.0
        ],
        [
            0.0,
            0.0,
            0.0,
            0.0,
            0.0,
            1.1006959548261361
        ]
    ],
    "poisson": [
        0.1927842861913511,
        0.1927842861913511,
        0.19278428619135102
    ]
}