{
    "Formula": "PRhS",
    "matID": "10645906",
    "Source": "jarvis",
    "Point Group": "23",
    "Space Group": "P2_13",
    "poscar": "P4 Rh4 S4\n1.0\n   5.6809862676503995   -0.0000000000000000    0.0000000000000000\n  -0.0000000000000000    5.6809862676503995   -0.0000000000000000\n   0.0000000000000000    0.0000000000000000    5.6809862676503995\nP Rh S\n4 4 4\ndirect\n   0.1100968558292066    0.8899031441707934    0.3899031441707934 P\n   0.8899031441707934    0.3899031441707934    0.1100968558292066 P\n   0.3899031441707934    0.1100968558292066    0.8899031441707934 P\n   0.6100968558292066    0.6100968558292066    0.6100968558292066 P\n   0.5058093782979393    0.4941906217020607    0.9941906217020607 Rh\n   0.4941906217020607    0.9941906217020607    0.5058093782979393 Rh\n   0.9941906217020607    0.5058093782979393    0.4941906217020607 Rh\n   0.0058093782979393    0.0058093782979393    0.0058093782979393 Rh\n   0.8897150733298622    0.1102849266701377    0.6102849266701378 S\n   0.1102849266701377    0.6102849266701378    0.8897150733298622 S\n   0.6102849266701378    0.8897150733298622    0.1102849266701377 S\n   0.3897150733298623    0.3897150733298623    0.3897150733298623 S\n",
    "cif": "# generated using pymatgen\ndata_PRhS\n_symmetry_space_group_name_H-M   'P 1'\n_cell_length_a   5.68098627\n_cell_length_b   5.68098627\n_cell_length_c   5.68098627\n_cell_angle_alpha   90.00000000\n_cell_angle_beta   90.00000000\n_cell_angle_gamma   90.00000000\n_symmetry_Int_Tables_number   1\n_chemical_formula_structural   PRhS\n_chemical_formula_sum   'P4 Rh4 S4'\n_cell_volume   183.34590666\n_cell_formula_units_Z   4\nloop_\n _symmetry_equiv_pos_site_id\n _symmetry_equiv_pos_as_xyz\n  1  'x, y, z'\nloop_\n _atom_site_type_symbol\n _atom_site_label\n _atom_site_symmetry_multiplicity\n _atom_site_fract_x\n _atom_site_fract_y\n _atom_site_fract_z\n _atom_site_occupancy\n  P  P0  1  0.11009686  0.88990314  0.38990314  1\n  P  P1  1  0.88990314  0.38990314  0.11009686  1\n  P  P2  1  0.38990314  0.11009686  0.88990314  1\n  P  P3  1  0.61009686  0.61009686  0.61009686  1\n  Rh  Rh4  1  0.50580938  0.49419062  0.99419062  1\n  Rh  Rh5  1  0.49419062  0.99419062  0.50580938  1\n  Rh  Rh6  1  0.99419062  0.50580938  0.49419062  1\n  Rh  Rh7  1  0.00580938  0.00580938  0.00580938  1\n  S  S8  1  0.88971507  0.11028493  0.61028493  1\n  S  S9  1  0.11028493  0.61028493  0.88971507  1\n  S  S10  1  0.61028493  0.88971507  0.11028493  1\n  S  S11  1  0.38971507  0.38971507  0.38971507  1\n",
    "abc": [
        5.68099,
        5.68099,
        5.68099
    ],
    "angles": [
        90.0,
        90.0,
        90.0
    ],
    "eij": [
        [
            -0.0,
            -0.0,
            -0.0,
            0.11686,
            0.0,
            0.0
        ],
        [
            -0.0,
            -0.0,
            -0.0,
            0.0,
            0.11686,
            0.0
        ],
        [
            -0.0,
            -0.0,
            -0.0,
            0.0,
            0.0,
            0.11686
        ]
    ],
    "Cij": [
        [
            361.28423,
            68.84931,
            68.84931,
            0.0,
            0.0,
            0.0
        ],
        [
            68.84931,
            361.28423,
            68.84931,
            0.0,
            0.0,
            0.0
        ],
        [
            68.84931,
            68.84931,
            361.28423,
            0.0,
            0.0,
            0.0
        ],
        [
            0.0,
            0.0,
            0.0,
            84.02205000000001,
            0.0,
            0.0
        ],
        [
            0.0,
            0.0,
            0.0,
            0.0,
            84.02205000000001,
            0.0
        ],
        [
            0.0,
            0.0,
            0.0,
            0.0,
            0.0,
            84.02205000000001
        ]
    ],
    "Sij": [
        [
            0.0029477351360329878,
            -0.0004718291212041438,
            -0.00047182912120414367,
            0.0,
            0.0,
            0.0
        ],
        [
            -0.0004718291212041437,
            0.0029477351360329886,
            -0.0004718291212041437,
            0.0,
            0.0,
            0.0
        ],
        [
            -0.00047182912120414367,
            -0.0004718291212041438,
            0.002947735136032988,
            0.0,
            0.0,
            0.0
        ],
        [
            0.0,
            0.0,
            0.0,
            0.011901637724859129,
            0.0,
            0.0
        ],
        [
            0.0,
            0.0,
            0.0,
            0.0,
            0.011901637724859129,
            0.0
        ],
        [
            0.0,
            0.0,
            0.0,
            0.0,
            0.0,
            0.011901637724859129
        ]
    ],
    "dij": [
        [
            0.0,
            0.0,
            0.0,
            1.390825384527038,
            0.0,
            0.0
        ],
        [
            0.0,
            0.0,
            0.0,
            0.0,
            1.390825384527038,
            0.0
        ],
        [
            0.0,
            0.0,
            0.0,
            0.0,
            0.0,
            1.390825384527038
        ]
    ],
    "poisson": [
        0.1600649649408879,
        0.16006496494088793,
        0.16006496494088793
    ]
}