{
    "Formula": "AsRhSe",
    "matID": "11096248",
    "Source": "jarvis",
    "Point Group": "23",
    "Space Group": "P2_13",
    "poscar": "As4 Rh4 Se4\n1.0\n   6.0042170584866064   -0.0000000000000000    0.0000000000000000\n  -0.0000000000000000    6.0042170584866064    0.0000000000000000\n  -0.0000000000000000   -0.0000000000000000    6.0042170584866064\nAs Rh Se\n4 4 4\ndirect\n   0.1192841463619288    0.8807158536380711    0.3807158536380711 As\n   0.8807158536380711    0.3807158536380711    0.1192841463619288 As\n   0.3807158536380711    0.1192841463619288    0.8807158536380711 As\n   0.6192841463619289    0.6192841463619289    0.6192841463619289 As\n   0.5044232571649384    0.4955767428350687    0.9955767428350616 Rh\n   0.4955767428350687    0.9955767428350616    0.5044232571649384 Rh\n   0.9955767428350616    0.5044232571649384    0.4955767428350687 Rh\n   0.0044232571649313    0.0044232571649313    0.0044232571649313 Rh\n   0.8819260000314835    0.1180739999685165    0.6180739999685165 Se\n   0.1180739999685165    0.6180739999685165    0.8819260000314835 Se\n   0.6180739999685165    0.8819260000314835    0.1180739999685165 Se\n   0.3819260000314835    0.3819260000314835    0.3819260000314835 Se\n",
    "cif": "# generated using pymatgen\ndata_AsRhSe\n_symmetry_space_group_name_H-M   'P 1'\n_cell_length_a   6.00421706\n_cell_length_b   6.00421706\n_cell_length_c   6.00421706\n_cell_angle_alpha   90.00000000\n_cell_angle_beta   90.00000000\n_cell_angle_gamma   90.00000000\n_symmetry_Int_Tables_number   1\n_chemical_formula_structural   AsRhSe\n_chemical_formula_sum   'As4 Rh4 Se4'\n_cell_volume   216.45576250\n_cell_formula_units_Z   4\nloop_\n _symmetry_equiv_pos_site_id\n _symmetry_equiv_pos_as_xyz\n  1  'x, y, z'\nloop_\n _atom_site_type_symbol\n _atom_site_label\n _atom_site_symmetry_multiplicity\n _atom_site_fract_x\n _atom_site_fract_y\n _atom_site_fract_z\n _atom_site_occupancy\n  As  As0  1  0.11928415  0.88071585  0.38071585  1\n  As  As1  1  0.88071585  0.38071585  0.11928415  1\n  As  As2  1  0.38071585  0.11928415  0.88071585  1\n  As  As3  1  0.61928415  0.61928415  0.61928415  1\n  Rh  Rh4  1  0.50442326  0.49557674  0.99557674  1\n  Rh  Rh5  1  0.49557674  0.99557674  0.50442326  1\n  Rh  Rh6  1  0.99557674  0.50442326  0.49557674  1\n  Rh  Rh7  1  0.00442326  0.00442326  0.00442326  1\n  Se  Se8  1  0.88192600  0.11807400  0.61807400  1\n  Se  Se9  1  0.11807400  0.61807400  0.88192600  1\n  Se  Se10  1  0.61807400  0.88192600  0.11807400  1\n  Se  Se11  1  0.38192600  0.38192600  0.38192600  1\n",
    "abc": [
        6.00422,
        6.00422,
        6.00422
    ],
    "angles": [
        90.0,
        90.0,
        90.0
    ],
    "eij": [
        [
            -0.0,
            -0.0,
            -0.0,
            0.16458,
            0.0,
            0.0
        ],
        [
            -0.0,
            -0.0,
            -0.0,
            0.0,
            0.16458,
            0.0
        ],
        [
            -0.0,
            -0.0,
            -0.0,
            0.0,
            0.0,
            0.16458
        ]
    ],
    "Cij": [
        [
            277.02049999999997,
            61.04473,
            61.04473,
            0.0,
            0.0,
            0.0
        ],
        [
            61.04473,
            277.02049999999997,
            61.04473,
            0.0,
            0.0,
            0.0
        ],
        [
            61.04473,
            61.04473,
            277.02049999999997,
            0.0,
            0.0,
            0.0
        ],
        [
            0.0,
            0.0,
            0.0,
            66.95866,
            0.0,
            0.0
        ],
        [
            0.0,
            0.0,
            0.0,
            0.0,
            66.95866,
            0.0
        ],
        [
            0.0,
            0.0,
            0.0,
            0.0,
            0.0,
            66.95866
        ]
    ],
    "Sij": [
        [
            0.003921957732348152,
            -0.0007081912885350712,
            -0.0007081912885350712,
            0.0,
            0.0,
            0.0
        ],
        [
            -0.0007081912885350712,
            0.003921957732348152,
            -0.0007081912885350713,
            0.0,
            0.0,
            0.0
        ],
        [
            -0.0007081912885350713,
            -0.0007081912885350713,
            0.003921957732348152,
            0.0,
            0.0,
            0.0
        ],
        [
            0.0,
            0.0,
            0.0,
            0.014934587998027441,
            0.0,
            0.0
        ],
        [
            0.0,
            0.0,
            0.0,
            0.0,
            0.014934587998027441,
            0.0
        ],
        [
            0.0,
            0.0,
            0.0,
            0.0,
            0.0,
            0.014934587998027441
        ]
    ],
    "dij": [
        [
            0.0,
            0.0,
            0.0,
            2.4579344927153564,
            0.0,
            0.0
        ],
        [
            0.0,
            0.0,
            0.0,
            0.0,
            2.4579344927153564,
            0.0
        ],
        [
            0.0,
            0.0,
            0.0,
            0.0,
            0.0,
            2.4579344927153564
        ]
    ],
    "poisson": [
        0.18057086201973507,
        0.1805708620197351,
        0.1805708620197351
    ]
}