{
    "Formula": "Cs3SbS3",
    "matID": "12583908",
    "Source": "mp",
    "Point Group": "23",
    "Space Group": "P2_13",
    "poscar": "Cs12 Sb4 S12\n1.0\n  10.4952849758956663   -0.0000000000000000    0.0000000000000000\n  -0.0000000000000000   10.4952849758956663    0.0000000000000000\n   0.0000000000000000    0.0000000000000000   10.4952849758956663\nCs Sb S\n12 4 12\ndirect\n   0.4423817347087093    0.9423817347087102    0.5576182652912898 Cs\n   0.9423817347087102    0.5576182652912898    0.4423817347087093 Cs\n   0.5576182652912898    0.4423817347087093    0.9423817347087102 Cs\n   0.0576182652912905    0.0576182652912905    0.0576182652912905 Cs\n   0.9393895748793110    0.4393895748793093    0.0606104251206902 Cs\n   0.4393895748793093    0.0606104251206902    0.9393895748793110 Cs\n   0.0606104251206902    0.9393895748793110    0.4393895748793093 Cs\n   0.5606104251206890    0.5606104251206890    0.5606104251206890 Cs\n   0.6753063964001460    0.1753063964001455    0.3246936035998548 Cs\n   0.1753063964001455    0.3246936035998548    0.6753063964001460 Cs\n   0.3246936035998548    0.6753063964001460    0.1753063964001455 Cs\n   0.8246936035998540    0.8246936035998540    0.8246936035998540 Cs\n   0.2260159103267161    0.7260159103267149    0.7739840896732851 Sb\n   0.7260159103267149    0.7739840896732851    0.2260159103267161 Sb\n   0.7739840896732851    0.2260159103267161    0.7260159103267149 Sb\n   0.2739840896732825    0.2739840896732825    0.2739840896732825 Sb\n   0.1590373900526633    0.9496219253854181    0.7572499118982836 S\n   0.2427500881017159    0.6590373900526630    0.5503780746145819 S\n   0.4496219253854172    0.7427500881017164    0.8409626099473370 S\n   0.6590373900526630    0.5503780746145819    0.2427500881017159 S\n   0.7427500881017164    0.8409626099473370    0.4496219253854172 S\n   0.9496219253854181    0.7572499118982836    0.1590373900526633 S\n   0.8409626099473370    0.4496219253854172    0.7427500881017164 S\n   0.7572499118982836    0.1590373900526633    0.9496219253854181 S\n   0.5503780746145819    0.2427500881017159    0.6590373900526630 S\n   0.3409626099473356    0.0503780746145827    0.2572499118982843 S\n   0.2572499118982843    0.3409626099473356    0.0503780746145827 S\n   0.0503780746145827    0.2572499118982843    0.3409626099473356 S\n",
    "cif": "# generated using pymatgen\ndata_Cs3SbS3\n_symmetry_space_group_name_H-M   'P 1'\n_cell_length_a   10.49528498\n_cell_length_b   10.49528498\n_cell_length_c   10.49528498\n_cell_angle_alpha   90.00000000\n_cell_angle_beta   90.00000000\n_cell_angle_gamma   90.00000000\n_symmetry_Int_Tables_number   1\n_chemical_formula_structural   Cs3SbS3\n_chemical_formula_sum   'Cs12 Sb4 S12'\n_cell_volume   1156.06620596\n_cell_formula_units_Z   4\nloop_\n _symmetry_equiv_pos_site_id\n _symmetry_equiv_pos_as_xyz\n  1  'x, y, z'\nloop_\n _atom_site_type_symbol\n _atom_site_label\n _atom_site_symmetry_multiplicity\n _atom_site_fract_x\n _atom_site_fract_y\n _atom_site_fract_z\n _atom_site_occupancy\n  Cs  Cs0  1  0.44238173  0.94238173  0.55761827  1\n  Cs  Cs1  1  0.94238173  0.55761827  0.44238173  1\n  Cs  Cs2  1  0.55761827  0.44238173  0.94238173  1\n  Cs  Cs3  1  0.05761827  0.05761827  0.05761827  1\n  Cs  Cs4  1  0.93938957  0.43938957  0.06061043  1\n  Cs  Cs5  1  0.43938957  0.06061043  0.93938957  1\n  Cs  Cs6  1  0.06061043  0.93938957  0.43938957  1\n  Cs  Cs7  1  0.56061043  0.56061043  0.56061043  1\n  Cs  Cs8  1  0.67530640  0.17530640  0.32469360  1\n  Cs  Cs9  1  0.17530640  0.32469360  0.67530640  1\n  Cs  Cs10  1  0.32469360  0.67530640  0.17530640  1\n  Cs  Cs11  1  0.82469360  0.82469360  0.82469360  1\n  Sb  Sb12  1  0.22601591  0.72601591  0.77398409  1\n  Sb  Sb13  1  0.72601591  0.77398409  0.22601591  1\n  Sb  Sb14  1  0.77398409  0.22601591  0.72601591  1\n  Sb  Sb15  1  0.27398409  0.27398409  0.27398409  1\n  S  S16  1  0.15903739  0.94962193  0.75724991  1\n  S  S17  1  0.24275009  0.65903739  0.55037807  1\n  S  S18  1  0.44962193  0.74275009  0.84096261  1\n  S  S19  1  0.65903739  0.55037807  0.24275009  1\n  S  S20  1  0.74275009  0.84096261  0.44962193  1\n  S  S21  1  0.94962193  0.75724991  0.15903739  1\n  S  S22  1  0.84096261  0.44962193  0.74275009  1\n  S  S23  1  0.75724991  0.15903739  0.94962193  1\n  S  S24  1  0.55037807  0.24275009  0.65903739  1\n  S  S25  1  0.34096261  0.05037807  0.25724991  1\n  S  S26  1  0.25724991  0.34096261  0.05037807  1\n  S  S27  1  0.05037807  0.25724991  0.34096261  1\n",
    "abc": [
        10.49528,
        10.49528,
        10.49528
    ],
    "angles": [
        90.0,
        90.0,
        90.0
    ],
    "eij": [
        [
            -0.0,
            0.0,
            0.0,
            0.09125,
            0.0,
            0.0
        ],
        [
            0.0,
            -0.0,
            0.0,
            0.0,
            0.09125,
            0.0
        ],
        [
            0.0,
            0.0,
            -0.0,
            0.0,
            0.0,
            0.09125
        ]
    ],
    "Cij": [
        [
            17.33171,
            9.62242,
            9.62242,
            0.0,
            0.0,
            0.0
        ],
        [
            9.62242,
            17.33171,
            9.62242,
            0.0,
            0.0,
            0.0
        ],
        [
            9.62242,
            9.62242,
            17.33171,
            0.0,
            0.0,
            0.0
        ],
        [
            0.0,
            0.0,
            0.0,
            5.015,
            0.0,
            0.0
        ],
        [
            0.0,
            0.0,
            0.0,
            0.0,
            5.015,
            0.0
        ],
        [
            0.0,
            0.0,
            0.0,
            0.0,
            0.0,
            5.015
        ]
    ],
    "Sij": [
        [
            0.09558906125859117,
            -0.03412456995777244,
            -0.03412456995777244,
            0.0,
            0.0,
            0.0
        ],
        [
            -0.03412456995777243,
            0.09558906125859117,
            -0.03412456995777244,
            0.0,
            0.0,
            0.0
        ],
        [
            -0.03412456995777243,
            -0.03412456995777244,
            0.09558906125859117,
            0.0,
            0.0,
            0.0
        ],
        [
            0.0,
            0.0,
            0.0,
            0.19940179461615157,
            0.0,
            0.0
        ],
        [
            0.0,
            0.0,
            0.0,
            0.0,
            0.19940179461615157,
            0.0
        ],
        [
            0.0,
            0.0,
            0.0,
            0.0,
            0.0,
            0.19940179461615157
        ]
    ],
    "dij": [
        [
            0.0,
            0.0,
            0.0,
            18.19541375872383,
            0.0,
            0.0
        ],
        [
            0.0,
            0.0,
            0.0,
            0.0,
            18.19541375872383,
            0.0
        ],
        [
            0.0,
            0.0,
            0.0,
            0.0,
            0.0,
            18.19541375872383
        ]
    ],
    "poisson": [
        0.3569924163755239,
        0.3569924163755239,
        0.3569924163755238
    ]
}