{
    "Formula": "SbRhS",
    "matID": "12661197",
    "Source": "mp",
    "Point Group": "23",
    "Space Group": "P2_13",
    "poscar": "Sb4 Rh4 S4\n1.0\n   6.0894148341688270    0.0000000000000000    0.0000000000000000\n  -0.0000000000000000    6.0894148341688270   -0.0000000000000000\n   0.0000000000000000    0.0000000000000000    6.0894148341688270\nSb Rh S\n4 4 4\ndirect\n   0.8782427787900133    0.3782427787900136    0.1217572212099865 Sb\n   0.3782427787900136    0.1217572212099865    0.8782427787900133 Sb\n   0.1217572212099865    0.8782427787900133    0.3782427787900136 Sb\n   0.6217572212099867    0.6217572212099867    0.6217572212099867 Sb\n   0.5129270154847123    0.0129270154847124    0.4870729845152876 Rh\n   0.0129270154847124    0.4870729845152876    0.5129270154847123 Rh\n   0.4870729845152876    0.5129270154847123    0.0129270154847124 Rh\n   0.9870729845152877    0.9870729845152877    0.9870729845152877 Rh\n   0.1179576848750738    0.6179576848750735    0.8820423151249265 S\n   0.6179576848750735    0.8820423151249265    0.1179576848750738 S\n   0.8820423151249265    0.1179576848750738    0.6179576848750735 S\n   0.3820423151249261    0.3820423151249261    0.3820423151249261 S\n",
    "cif": "# generated using pymatgen\ndata_SbRhS\n_symmetry_space_group_name_H-M   'P 1'\n_cell_length_a   6.08941483\n_cell_length_b   6.08941483\n_cell_length_c   6.08941483\n_cell_angle_alpha   90.00000000\n_cell_angle_beta   90.00000000\n_cell_angle_gamma   90.00000000\n_symmetry_Int_Tables_number   1\n_chemical_formula_structural   SbRhS\n_chemical_formula_sum   'Sb4 Rh4 S4'\n_cell_volume   225.80142719\n_cell_formula_units_Z   4\nloop_\n _symmetry_equiv_pos_site_id\n _symmetry_equiv_pos_as_xyz\n  1  'x, y, z'\nloop_\n _atom_site_type_symbol\n _atom_site_label\n _atom_site_symmetry_multiplicity\n _atom_site_fract_x\n _atom_site_fract_y\n _atom_site_fract_z\n _atom_site_occupancy\n  Sb  Sb0  1  0.87824278  0.37824278  0.12175722  1\n  Sb  Sb1  1  0.37824278  0.12175722  0.87824278  1\n  Sb  Sb2  1  0.12175722  0.87824278  0.37824278  1\n  Sb  Sb3  1  0.62175722  0.62175722  0.62175722  1\n  Rh  Rh4  1  0.51292702  0.01292702  0.48707298  1\n  Rh  Rh5  1  0.01292702  0.48707298  0.51292702  1\n  Rh  Rh6  1  0.48707298  0.51292702  0.01292702  1\n  Rh  Rh7  1  0.98707298  0.98707298  0.98707298  1\n  S  S8  1  0.11795768  0.61795768  0.88204232  1\n  S  S9  1  0.61795768  0.88204232  0.11795768  1\n  S  S10  1  0.88204232  0.11795768  0.61795768  1\n  S  S11  1  0.38204232  0.38204232  0.38204232  1\n",
    "abc": [
        6.08941,
        6.08941,
        6.08941
    ],
    "angles": [
        90.0,
        90.0,
        90.0
    ],
    "eij": [
        [
            0.0,
            -0.0,
            -0.0,
            0.08143,
            0.0,
            0.0
        ],
        [
            -0.0,
            0.0,
            -0.0,
            0.0,
            0.08143,
            0.0
        ],
        [
            -0.0,
            -0.0,
            0.0,
            0.0,
            0.0,
            0.08143
        ]
    ],
    "Cij": [
        [
            250.45398,
            62.89756,
            62.89756,
            0.0,
            0.0,
            0.0
        ],
        [
            62.89756,
            250.45398,
            62.89756,
            0.0,
            0.0,
            0.0
        ],
        [
            62.89756,
            62.89756,
            250.45398,
            0.0,
            0.0,
            0.0
        ],
        [
            0.0,
            0.0,
            0.0,
            61.15183,
            0.0,
            0.0
        ],
        [
            0.0,
            0.0,
            0.0,
            0.0,
            61.15183,
            0.0
        ],
        [
            0.0,
            0.0,
            0.0,
            0.0,
            0.0,
            61.15183
        ]
    ],
    "Sij": [
        [
            0.004440423875869163,
            -0.0008913051046690665,
            -0.0008913051046690665,
            0.0,
            0.0,
            0.0
        ],
        [
            -0.0008913051046690666,
            0.0044404238758691626,
            -0.0008913051046690666,
            0.0,
            0.0,
            0.0
        ],
        [
            -0.0008913051046690665,
            -0.0008913051046690665,
            0.0044404238758691626,
            0.0,
            0.0,
            0.0
        ],
        [
            0.0,
            0.0,
            0.0,
            0.01635274038405719,
            0.0,
            0.0
        ],
        [
            0.0,
            0.0,
            0.0,
            0.0,
            0.01635274038405719,
            0.0
        ],
        [
            0.0,
            0.0,
            0.0,
            0.0,
            0.0,
            0.01635274038405719
        ]
    ],
    "dij": [
        [
            0.0,
            0.0,
            0.0,
            1.331603649473777,
            0.0,
            0.0
        ],
        [
            0.0,
            0.0,
            0.0,
            0.0,
            1.331603649473777,
            0.0
        ],
        [
            0.0,
            0.0,
            0.0,
            0.0,
            0.0,
            1.331603649473777
        ]
    ],
    "poisson": [
        0.20072523019992178,
        0.2007252301999218,
        0.20072523019992172
    ]
}