{
    "Formula": "Sr2P7Br",
    "matID": "14408666",
    "Source": "mp",
    "Point Group": "23",
    "Space Group": "P2_13",
    "poscar": "Sr8 P28 Br4\n1.0\n   9.9290900014960197    0.0000000000000000    0.0000000000000000\n   0.0000000000000000    9.9290900014960197   -0.0000000000000000\n   0.0000000000000000    0.0000000000000000    9.9290900014960197\nSr P Br\n8 28 4\ndirect\n   0.6490907878495068    0.1490907878495061    0.3509092121504943 Sr\n   0.1490907878495061    0.3509092121504943    0.6490907878495068 Sr\n   0.3509092121504943    0.6490907878495068    0.1490907878495061 Sr\n   0.8509092121504932    0.8509092121504932    0.8509092121504932 Sr\n   0.9125827742546647    0.4125827742546665    0.0874172257453335 Sr\n   0.4125827742546665    0.0874172257453335    0.9125827742546647 Sr\n   0.0874172257453335    0.9125827742546647    0.4125827742546665 Sr\n   0.5874172257453353    0.5874172257453353    0.5874172257453353 Sr\n   0.4645113384976015    0.9645113384976003    0.5354886615023997 P\n   0.9645113384976003    0.5354886615023997    0.4645113384976015 P\n   0.5354886615023997    0.4645113384976015    0.9645113384976003 P\n   0.0354886615023984    0.0354886615023984    0.0354886615023984 P\n   0.2178609861595450    0.9431623577296024    0.1179607543104541 P\n   0.8820392456895474    0.7178609861595433    0.5568376422703976 P\n   0.4431623577296018    0.3820392456895447    0.7821390138404567 P\n   0.7178609861595433    0.5568376422703976    0.8820392456895474 P\n   0.3820392456895447    0.7821390138404567    0.4431623577296018 P\n   0.9431623577296024    0.1179607543104541    0.2178609861595450 P\n   0.7821390138404567    0.4431623577296018    0.3820392456895447 P\n   0.1179607543104541    0.2178609861595450    0.9431623577296024 P\n   0.5568376422703976    0.8820392456895474    0.7178609861595433 P\n   0.2821390138404541    0.0568376422703982    0.6179607543104526 P\n   0.6179607543104526    0.2821390138404541    0.0568376422703982 P\n   0.0568376422703982    0.6179607543104526    0.2821390138404541 P\n   0.2016774192839104    0.8878343577683103    0.7303074838268474 P\n   0.2696925161731538    0.7016774192839111    0.6121656422316897 P\n   0.3878343577683130    0.7696925161731526    0.7983225807160889 P\n   0.7016774192839111    0.6121656422316897    0.2696925161731538 P\n   0.7696925161731526    0.7983225807160889    0.3878343577683130 P\n   0.8878343577683103    0.7303074838268474    0.2016774192839104 P\n   0.7983225807160889    0.3878343577683130    0.7696925161731526 P\n   0.7303074838268474    0.2016774192839104    0.8878343577683103 P\n   0.6121656422316897    0.2696925161731538    0.7016774192839111 P\n   0.2983225807160901    0.1121656422316871    0.2303074838268469 P\n   0.2303074838268469    0.2983225807160901    0.1121656422316871 P\n   0.1121656422316871    0.2303074838268469    0.2983225807160901 P\n   0.0962032426349657    0.5962032426349634    0.9037967573650366 Br\n   0.5962032426349634    0.9037967573650366    0.0962032426349657 Br\n   0.9037967573650366    0.0962032426349657    0.5962032426349634 Br\n   0.4037967573650332    0.4037967573650332    0.4037967573650332 Br\n",
    "cif": "# generated using pymatgen\ndata_Sr2P7Br\n_symmetry_space_group_name_H-M   'P 1'\n_cell_length_a   9.92909000\n_cell_length_b   9.92909000\n_cell_length_c   9.92909000\n_cell_angle_alpha   90.00000000\n_cell_angle_beta   90.00000000\n_cell_angle_gamma   90.00000000\n_symmetry_Int_Tables_number   1\n_chemical_formula_structural   Sr2P7Br\n_chemical_formula_sum   'Sr8 P28 Br4'\n_cell_volume   978.87749073\n_cell_formula_units_Z   4\nloop_\n _symmetry_equiv_pos_site_id\n _symmetry_equiv_pos_as_xyz\n  1  'x, y, z'\nloop_\n _atom_site_type_symbol\n _atom_site_label\n _atom_site_symmetry_multiplicity\n _atom_site_fract_x\n _atom_site_fract_y\n _atom_site_fract_z\n _atom_site_occupancy\n  Sr  Sr0  1  0.64909079  0.14909079  0.35090921  1\n  Sr  Sr1  1  0.14909079  0.35090921  0.64909079  1\n  Sr  Sr2  1  0.35090921  0.64909079  0.14909079  1\n  Sr  Sr3  1  0.85090921  0.85090921  0.85090921  1\n  Sr  Sr4  1  0.91258277  0.41258277  0.08741723  1\n  Sr  Sr5  1  0.41258277  0.08741723  0.91258277  1\n  Sr  Sr6  1  0.08741723  0.91258277  0.41258277  1\n  Sr  Sr7  1  0.58741723  0.58741723  0.58741723  1\n  P  P8  1  0.46451134  0.96451134  0.53548866  1\n  P  P9  1  0.96451134  0.53548866  0.46451134  1\n  P  P10  1  0.53548866  0.46451134  0.96451134  1\n  P  P11  1  0.03548866  0.03548866  0.03548866  1\n  P  P12  1  0.21786099  0.94316236  0.11796075  1\n  P  P13  1  0.88203925  0.71786099  0.55683764  1\n  P  P14  1  0.44316236  0.38203925  0.78213901  1\n  P  P15  1  0.71786099  0.55683764  0.88203925  1\n  P  P16  1  0.38203925  0.78213901  0.44316236  1\n  P  P17  1  0.94316236  0.11796075  0.21786099  1\n  P  P18  1  0.78213901  0.44316236  0.38203925  1\n  P  P19  1  0.11796075  0.21786099  0.94316236  1\n  P  P20  1  0.55683764  0.88203925  0.71786099  1\n  P  P21  1  0.28213901  0.05683764  0.61796075  1\n  P  P22  1  0.61796075  0.28213901  0.05683764  1\n  P  P23  1  0.05683764  0.61796075  0.28213901  1\n  P  P24  1  0.20167742  0.88783436  0.73030748  1\n  P  P25  1  0.26969252  0.70167742  0.61216564  1\n  P  P26  1  0.38783436  0.76969252  0.79832258  1\n  P  P27  1  0.70167742  0.61216564  0.26969252  1\n  P  P28  1  0.76969252  0.79832258  0.38783436  1\n  P  P29  1  0.88783436  0.73030748  0.20167742  1\n  P  P30  1  0.79832258  0.38783436  0.76969252  1\n  P  P31  1  0.73030748  0.20167742  0.88783436  1\n  P  P32  1  0.61216564  0.26969252  0.70167742  1\n  P  P33  1  0.29832258  0.11216564  0.23030748  1\n  P  P34  1  0.23030748  0.29832258  0.11216564  1\n  P  P35  1  0.11216564  0.23030748  0.29832258  1\n  Br  Br36  1  0.09620324  0.59620324  0.90379676  1\n  Br  Br37  1  0.59620324  0.90379676  0.09620324  1\n  Br  Br38  1  0.90379676  0.09620324  0.59620324  1\n  Br  Br39  1  0.40379676  0.40379676  0.40379676  1\n",
    "abc": [
        9.92909,
        9.92909,
        9.92909
    ],
    "angles": [
        90.0,
        90.0,
        90.0
    ],
    "eij": [
        [
            -0.0,
            0.0,
            0.0,
            1.63565,
            0.0,
            0.0
        ],
        [
            0.0,
            -0.0,
            0.0,
            0.0,
            1.63565,
            0.0
        ],
        [
            0.0,
            0.0,
            -0.0,
            0.0,
            0.0,
            1.63565
        ]
    ],
    "Cij": [
        [
            36.773610000000005,
            26.369549999999997,
            26.369549999999997,
            0.0,
            0.0,
            0.0
        ],
        [
            26.369549999999997,
            36.773610000000005,
            26.369549999999997,
            0.0,
            0.0,
            0.0
        ],
        [
            26.369549999999997,
            26.369549999999997,
            36.773610000000005,
            0.0,
            0.0,
            0.0
        ],
        [
            0.0,
            0.0,
            0.0,
            7.13308,
            0.0,
            0.0
        ],
        [
            0.0,
            0.0,
            0.0,
            0.0,
            7.13308,
            0.0
        ],
        [
            0.0,
            0.0,
            0.0,
            0.0,
            0.0,
            7.13308
        ]
    ],
    "Sij": [
        [
            0.06780141516843388,
            -0.028314908651305634,
            -0.028314908651305634,
            0.0,
            0.0,
            0.0
        ],
        [
            -0.02831490865130563,
            0.06780141516843388,
            -0.028314908651305624,
            0.0,
            0.0,
            0.0
        ],
        [
            -0.028314908651305624,
            -0.028314908651305624,
            0.06780141516843388,
            0.0,
            0.0,
            0.0
        ],
        [
            0.0,
            0.0,
            0.0,
            0.14019189466541804,
            0.0,
            0.0
        ],
        [
            0.0,
            0.0,
            0.0,
            0.0,
            0.14019189466541804,
            0.0
        ],
        [
            0.0,
            0.0,
            0.0,
            0.0,
            0.0,
            0.14019189466541804
        ]
    ],
    "dij": [
        [
            0.0,
            0.0,
            0.0,
            229.30487250949102,
            0.0,
            0.0
        ],
        [
            0.0,
            0.0,
            0.0,
            0.0,
            229.30487250949102,
            0.0
        ],
        [
            0.0,
            0.0,
            0.0,
            0.0,
            0.0,
            229.30487250949102
        ]
    ],
    "poisson": [
        0.417615304650575,
        0.4176153046505749,
        0.4176153046505749
    ]
}