{
    "Formula": "K3SbSe3",
    "matID": "17009700",
    "Source": "jarvis",
    "Point Group": "23",
    "Space Group": "P2_13",
    "poscar": "K12 Sb4 Se12\n1.0\n  10.0153489422070141    0.0000000000000000   -0.0000000000000000\n   0.0000000000000000   10.0153489422070141    0.0000000000000000\n  -0.0000000000000000    0.0000000000000000   10.0153489422070141\nK Sb Se\n12 4 12\ndirect\n   0.8178975272433664    0.1821024727566318    0.6821024727566336 K\n   0.1882217177387149    0.3117782822612855    0.6882217177387142 K\n   0.3117782822612855    0.6882217177387142    0.1882217177387149 K\n   0.6882217177387142    0.1882217177387149    0.3117782822612855 K\n   0.8117782822612858    0.8117782822612858    0.8117782822612858 K\n   0.4218861365727959    0.0781138634272050    0.9218861365727966 K\n   0.0781138634272050    0.9218861365727966    0.4218861365727959 K\n   0.9218861365727966    0.4218861365727959    0.0781138634272050 K\n   0.5781138634272034    0.5781138634272034    0.5781138634272034 K\n   0.6821024727566336    0.8178975272433664    0.1821024727566318 K\n   0.1821024727566318    0.6821024727566336    0.8178975272433664 K\n   0.3178975272433690    0.3178975272433690    0.3178975272433690 K\n   0.9722355084813200    0.5277644915186800    0.4722355084813181 Sb\n   0.5277644915186800    0.4722355084813181    0.9722355084813200 Sb\n   0.4722355084813181    0.9722355084813200    0.5277644915186800 Sb\n   0.0277644915186813    0.0277644915186813    0.0277644915186813 Sb\n   0.2196792976716755    0.6026910358364992    0.4974043608715536 Se\n   0.7803207023283223    0.1026910358364980    0.0025956391284471 Se\n   0.9974043608715529    0.2803207023283242    0.3973089641635024 Se\n   0.7196792976716777    0.8973089641635008    0.5025956391284471 Se\n   0.1026910358364980    0.0025956391284471    0.7803207023283223 Se\n   0.5025956391284471    0.7196792976716777    0.8973089641635008 Se\n   0.0025956391284471    0.7803207023283223    0.1026910358364980 Se\n   0.3973089641635024    0.9974043608715529    0.2803207023283242 Se\n   0.4974043608715536    0.2196792976716755    0.6026910358364992 Se\n   0.8973089641635008    0.5025956391284471    0.7196792976716777 Se\n   0.6026910358364992    0.4974043608715536    0.2196792976716755 Se\n   0.2803207023283242    0.3973089641635024    0.9974043608715529 Se\n",
    "cif": "# generated using pymatgen\ndata_K3SbSe3\n_symmetry_space_group_name_H-M   'P 1'\n_cell_length_a   10.01534894\n_cell_length_b   10.01534894\n_cell_length_c   10.01534894\n_cell_angle_alpha   90.00000000\n_cell_angle_beta   90.00000000\n_cell_angle_gamma   90.00000000\n_symmetry_Int_Tables_number   1\n_chemical_formula_structural   K3SbSe3\n_chemical_formula_sum   'K12 Sb4 Se12'\n_cell_volume   1004.61175398\n_cell_formula_units_Z   4\nloop_\n _symmetry_equiv_pos_site_id\n _symmetry_equiv_pos_as_xyz\n  1  'x, y, z'\nloop_\n _atom_site_type_symbol\n _atom_site_label\n _atom_site_symmetry_multiplicity\n _atom_site_fract_x\n _atom_site_fract_y\n _atom_site_fract_z\n _atom_site_occupancy\n  K  K0  1  0.81789753  0.18210247  0.68210247  1\n  K  K1  1  0.18822172  0.31177828  0.68822172  1\n  K  K2  1  0.31177828  0.68822172  0.18822172  1\n  K  K3  1  0.68822172  0.18822172  0.31177828  1\n  K  K4  1  0.81177828  0.81177828  0.81177828  1\n  K  K5  1  0.42188614  0.07811386  0.92188614  1\n  K  K6  1  0.07811386  0.92188614  0.42188614  1\n  K  K7  1  0.92188614  0.42188614  0.07811386  1\n  K  K8  1  0.57811386  0.57811386  0.57811386  1\n  K  K9  1  0.68210247  0.81789753  0.18210247  1\n  K  K10  1  0.18210247  0.68210247  0.81789753  1\n  K  K11  1  0.31789753  0.31789753  0.31789753  1\n  Sb  Sb12  1  0.97223551  0.52776449  0.47223551  1\n  Sb  Sb13  1  0.52776449  0.47223551  0.97223551  1\n  Sb  Sb14  1  0.47223551  0.97223551  0.52776449  1\n  Sb  Sb15  1  0.02776449  0.02776449  0.02776449  1\n  Se  Se16  1  0.21967930  0.60269104  0.49740436  1\n  Se  Se17  1  0.78032070  0.10269104  0.00259564  1\n  Se  Se18  1  0.99740436  0.28032070  0.39730896  1\n  Se  Se19  1  0.71967930  0.89730896  0.50259564  1\n  Se  Se20  1  0.10269104  0.00259564  0.78032070  1\n  Se  Se21  1  0.50259564  0.71967930  0.89730896  1\n  Se  Se22  1  0.00259564  0.78032070  0.10269104  1\n  Se  Se23  1  0.39730896  0.99740436  0.28032070  1\n  Se  Se24  1  0.49740436  0.21967930  0.60269104  1\n  Se  Se25  1  0.89730896  0.50259564  0.71967930  1\n  Se  Se26  1  0.60269104  0.49740436  0.21967930  1\n  Se  Se27  1  0.28032070  0.39730896  0.99740436  1\n",
    "abc": [
        10.01535,
        10.01535,
        10.01535
    ],
    "angles": [
        90.0,
        90.0,
        90.0
    ],
    "eij": [
        [
            0.0,
            -0.0,
            0.0,
            0.05598,
            0.0,
            0.0
        ],
        [
            0.0,
            0.0,
            -0.0,
            0.0,
            0.05598,
            0.0
        ],
        [
            -0.0,
            0.0,
            0.0,
            0.0,
            0.0,
            0.05598
        ]
    ],
    "Cij": [
        [
            22.25651,
            8.5398,
            8.5398,
            0.0,
            0.0,
            0.0
        ],
        [
            8.5398,
            22.25651,
            8.5398,
            0.0,
            0.0,
            0.0
        ],
        [
            8.5398,
            8.5398,
            22.25651,
            0.0,
            0.0,
            0.0
        ],
        [
            0.0,
            0.0,
            0.0,
            6.547759999999999,
            0.0,
            0.0
        ],
        [
            0.0,
            0.0,
            0.0,
            0.0,
            6.547759999999999,
            0.0
        ],
        [
            0.0,
            0.0,
            0.0,
            0.0,
            0.0,
            6.547759999999999
        ]
    ],
    "Sij": [
        [
            0.05707649766900445,
            -0.01582728173582368,
            -0.015827281735823682,
            0.0,
            0.0,
            0.0
        ],
        [
            -0.015827281735823682,
            0.057076497669004446,
            -0.01582728173582368,
            0.0,
            0.0,
            0.0
        ],
        [
            -0.015827281735823682,
            -0.015827281735823682,
            0.057076497669004446,
            0.0,
            0.0,
            0.0
        ],
        [
            0.0,
            0.0,
            0.0,
            0.15272398499639572,
            0.0,
            0.0
        ],
        [
            0.0,
            0.0,
            0.0,
            0.0,
            0.15272398499639572,
            0.0
        ],
        [
            0.0,
            0.0,
            0.0,
            0.0,
            0.0,
            0.15272398499639572
        ]
    ],
    "dij": [
        [
            0.0,
            0.0,
            0.0,
            8.549488680098232,
            0.0,
            0.0
        ],
        [
            0.0,
            0.0,
            0.0,
            0.0,
            8.549488680098232,
            0.0
        ],
        [
            0.0,
            0.0,
            0.0,
            0.0,
            0.0,
            8.549488680098232
        ]
    ],
    "poisson": [
        0.277299455681541,
        0.277299455681541,
        0.2772994556815411
    ]
}