{
    "Formula": "InHO2",
    "matID": "25962411",
    "Source": "jarvis",
    "Point Group": "23",
    "Space Group": "P2_13",
    "poscar": "In4 H4 O8\n1.0\n   5.4239081117830787   -0.0000000000000000    0.0000000000000000\n   0.0000000000000000    5.4239081117830787    0.0000000000000000\n   0.0000000000000000    0.0000000000000000    5.4239081117830787\nIn H O\n4 4 8\ndirect\n   0.4918850287623149    0.9918850287623148    0.5081149712376852 In\n   0.9918850287623148    0.5081149712376852    0.4918850287623149 In\n   0.5081149712376852    0.4918850287623149    0.9918850287623148 In\n   0.0081149712376852    0.0081149712376852    0.0081149712376852 In\n   0.0204918897561380    0.5204918897561380    0.9795081102438620 H\n   0.5204918897561380    0.9795081102438620    0.0204918897561380 H\n   0.9795081102438620    0.0204918897561380    0.5204918897561380 H\n   0.4795081102438621    0.4795081102438621    0.4795081102438621 H\n   0.1340254117417233    0.6340254117417231    0.8659745882582769 O\n   0.6340254117417231    0.8659745882582769    0.1340254117417233 O\n   0.8659745882582769    0.1340254117417233    0.6340254117417231 O\n   0.3659745882582768    0.3659745882582768    0.3659745882582768 O\n   0.8677123453728343    0.3677123453728345    0.1322876546271655 O\n   0.3677123453728345    0.1322876546271655    0.8677123453728343 O\n   0.1322876546271655    0.8677123453728343    0.3677123453728345 O\n   0.6322876546271657    0.6322876546271657    0.6322876546271657 O\n",
    "cif": "# generated using pymatgen\ndata_InHO2\n_symmetry_space_group_name_H-M   'P 1'\n_cell_length_a   5.42390811\n_cell_length_b   5.42390811\n_cell_length_c   5.42390811\n_cell_angle_alpha   90.00000000\n_cell_angle_beta   90.00000000\n_cell_angle_gamma   90.00000000\n_symmetry_Int_Tables_number   1\n_chemical_formula_structural   InHO2\n_chemical_formula_sum   'In4 H4 O8'\n_cell_volume   159.56475517\n_cell_formula_units_Z   4\nloop_\n _symmetry_equiv_pos_site_id\n _symmetry_equiv_pos_as_xyz\n  1  'x, y, z'\nloop_\n _atom_site_type_symbol\n _atom_site_label\n _atom_site_symmetry_multiplicity\n _atom_site_fract_x\n _atom_site_fract_y\n _atom_site_fract_z\n _atom_site_occupancy\n  In  In0  1  0.49188503  0.99188503  0.50811497  1\n  In  In1  1  0.99188503  0.50811497  0.49188503  1\n  In  In2  1  0.50811497  0.49188503  0.99188503  1\n  In  In3  1  0.00811497  0.00811497  0.00811497  1\n  H  H4  1  0.02049189  0.52049189  0.97950811  1\n  H  H5  1  0.52049189  0.97950811  0.02049189  1\n  H  H6  1  0.97950811  0.02049189  0.52049189  1\n  H  H7  1  0.47950811  0.47950811  0.47950811  1\n  O  O8  1  0.13402541  0.63402541  0.86597459  1\n  O  O9  1  0.63402541  0.86597459  0.13402541  1\n  O  O10  1  0.86597459  0.13402541  0.63402541  1\n  O  O11  1  0.36597459  0.36597459  0.36597459  1\n  O  O12  1  0.86771235  0.36771235  0.13228765  1\n  O  O13  1  0.36771235  0.13228765  0.86771235  1\n  O  O14  1  0.13228765  0.86771235  0.36771235  1\n  O  O15  1  0.63228765  0.63228765  0.63228765  1\n",
    "abc": [
        5.42391,
        5.42391,
        5.42391
    ],
    "angles": [
        90.0,
        90.0,
        90.0
    ],
    "eij": [
        [
            0.0,
            0.0,
            0.0,
            -0.10881,
            0.0,
            0.0
        ],
        [
            0.0,
            0.0,
            0.0,
            0.0,
            -0.10881,
            0.0
        ],
        [
            0.0,
            0.0,
            0.0,
            0.0,
            0.0,
            -0.10881
        ]
    ],
    "Cij": [
        [
            247.76988,
            97.55265,
            97.55265,
            0.0,
            0.0,
            0.0
        ],
        [
            97.55265,
            247.76988,
            97.55265,
            0.0,
            0.0,
            0.0
        ],
        [
            97.55265,
            97.55265,
            247.76988,
            0.0,
            0.0,
            0.0
        ],
        [
            0.0,
            0.0,
            0.0,
            69.67625000000001,
            0.0,
            0.0
        ],
        [
            0.0,
            0.0,
            0.0,
            0.0,
            69.67625000000001,
            0.0
        ],
        [
            0.0,
            0.0,
            0.0,
            0.0,
            0.0,
            69.67625000000001
        ]
    ],
    "Sij": [
        [
            0.005190674824810039,
            -0.0014663511368589392,
            -0.0014663511368589387,
            0.0,
            0.0,
            0.0
        ],
        [
            -0.001466351136858939,
            0.00519067482481004,
            -0.0014663511368589392,
            0.0,
            0.0,
            0.0
        ],
        [
            -0.0014663511368589387,
            -0.001466351136858939,
            0.005190674824810039,
            0.0,
            0.0,
            0.0
        ],
        [
            0.0,
            0.0,
            0.0,
            0.014352092714518934,
            0.0,
            0.0
        ],
        [
            0.0,
            0.0,
            0.0,
            0.0,
            0.014352092714518934,
            0.0
        ],
        [
            0.0,
            0.0,
            0.0,
            0.0,
            0.0,
            0.014352092714518934
        ]
    ],
    "dij": [
        [
            0.0,
            0.0,
            0.0,
            -1.5616512082668053,
            0.0,
            0.0
        ],
        [
            0.0,
            0.0,
            0.0,
            0.0,
            -1.5616512082668053,
            0.0
        ],
        [
            0.0,
            0.0,
            0.0,
            0.0,
            0.0,
            -1.5616512082668053
        ]
    ],
    "poisson": [
        0.2824972063073904,
        0.2824972063073904,
        0.28249720630739034
    ]
}