{
    "Formula": "BaGa2Te4",
    "matID": "27051312",
    "Source": "jarvis",
    "Point Group": "2",
    "Space Group": "C2",
    "poscar": "Ba1 Ga2 Te4\n1.0\n   5.5081467667618362   -4.3363504563294573    0.0323278297135103\n   5.5081467667618362    4.3363504563294573    0.0323278297135103\n  -4.2207986895627192   -0.0000000000000000    5.3238879087348963\nBa Ga Te\n1 2 4\ndirect\n   0.0000056364117659    0.9999943635882339   -0.0000000000000000 Ba\n   0.4999748602555906    0.5000251397444095    0.5000000000000000 Ga\n   0.5000076139414540    0.4999923860585458   -0.0000000000000000 Ga\n   0.1628828300988134    0.4999837535532014    0.5814577104065315 Te\n   0.5000162464467987    0.8371171699011863    0.4185422895934686 Te\n   0.5000153478078601    0.1629005349622736    0.0814821258772609 Te\n   0.8370994650377263    0.4999846521921398    0.9185178741227391 Te\n",
    "cif": "# generated using pymatgen\ndata_Ba(GaTe2)2\n_symmetry_space_group_name_H-M   'P 1'\n_cell_length_a   7.01032533\n_cell_length_b   7.01032533\n_cell_length_c   6.79403592\n_cell_angle_alpha   118.98069274\n_cell_angle_beta   118.98069274\n_cell_angle_gamma   76.42301578\n_symmetry_Int_Tables_number   1\n_chemical_formula_structural   Ba(GaTe2)2\n_chemical_formula_sum   'Ba1 Ga2 Te4'\n_cell_volume   255.50822151\n_cell_formula_units_Z   1\nloop_\n _symmetry_equiv_pos_site_id\n _symmetry_equiv_pos_as_xyz\n  1  'x, y, z'\nloop_\n _atom_site_type_symbol\n _atom_site_label\n _atom_site_symmetry_multiplicity\n _atom_site_fract_x\n _atom_site_fract_y\n _atom_site_fract_z\n _atom_site_occupancy\n  Ba  Ba0  1  0.00000564  0.99999436  -0.00000000  1\n  Ga  Ga1  1  0.49997486  0.50002514  0.50000000  1\n  Ga  Ga2  1  0.50000761  0.49999239  -0.00000000  1\n  Te  Te3  1  0.16288283  0.49998375  0.58145771  1\n  Te  Te4  1  0.50001625  0.83711717  0.41854229  1\n  Te  Te5  1  0.50001535  0.16290053  0.08148213  1\n  Te  Te6  1  0.83709947  0.49998465  0.91851787  1\n",
    "abc": [
        7.01033,
        7.01033,
        6.79404
    ],
    "angles": [
        118.98069,
        118.98069,
        76.42302
    ],
    "eij": [
        [
            -0.0,
            -0.0,
            0.0,
            -0.06446,
            0.0,
            0.04982
        ],
        [
            -0.10202,
            0.00081,
            0.10109,
            0.0,
            0.02052,
            0.0
        ],
        [
            0.0,
            0.0,
            0.0,
            -0.04972,
            0.0,
            0.03555
        ]
    ],
    "Cij": [
        [
            37.37525,
            13.622309999999999,
            14.069890000000001,
            0.0,
            -4.19433,
            0.0
        ],
        [
            13.622309999999999,
            31.965210000000003,
            12.98093,
            0.0,
            1.34071,
            0.0
        ],
        [
            14.069890000000001,
            12.98093,
            41.77372,
            0.0,
            -5.19493,
            0.0
        ],
        [
            0.0,
            0.0,
            0.0,
            11.847539999999999,
            0.0,
            -0.8105
        ],
        [
            -4.19433,
            1.34071,
            -5.19493,
            0.0,
            14.74511,
            0.0
        ],
        [
            0.0,
            0.0,
            0.0,
            -0.8105,
            0.0,
            11.5109
        ]
    ],
    "Sij": [
        [
            0.03481540282112669,
            -0.012444535212469505,
            -0.00678412252120517,
            0.0,
            0.008644815787088866,
            0.0
        ],
        [
            -0.012444535212469502,
            0.0410619845838914,
            -0.009906873894256514,
            0.0,
            -0.010763854398419292,
            0.0
        ],
        [
            -0.00678412252120517,
            -0.009906873894256514,
            0.030510791274208818,
            0.0,
            0.00972043078678476,
            0.0
        ],
        [
            0.0,
            0.0,
            0.0,
            0.08481425050222624,
            0.0,
            0.0059719005492232915
        ],
        [
            0.008644815787088866,
            -0.01076385439841929,
            0.00972043078678476,
            0.0,
            0.07468153000811503,
            0.0
        ],
        [
            0.0,
            0.0,
            0.0,
            0.0059719005492232915,
            0.0,
            0.08729467073774819
        ]
    ],
    "dij": [
        [
            0.0,
            0.0,
            0.0,
            -5.1696065020112,
            0.0,
            3.964071786751682
        ],
        [
            -4.070362795051012,
            0.08049151566313598,
            3.9678907414135964,
            0.0,
            1.6244405153410661,
            0.0
        ],
        [
            0.0,
            0.0,
            0.0,
            -4.0046634704458,
            0.0,
            2.806402649419566
        ]
    ],
    "poisson": [
        0.30306706649905785,
        0.3247006544412674,
        0.1948598026011759
    ]
}