{
    "Formula": "SiOs",
    "matID": "27441384",
    "Source": "jarvis",
    "Point Group": "23",
    "Space Group": "P2_13",
    "poscar": "Si4 Os4\n1.0\n   4.7936039021078649   -0.0000000000000000    0.0000000000000000\n   0.0000000000000000    4.7936039021078649    0.0000000000000000\n   0.0000000000000000    0.0000000000000000    4.7936039021078649\nSi Os\n4 4\ndirect\n   0.1644803290109789    0.3355196709890211    0.6644803290109788 Si\n   0.3355196709890211    0.6644803290109788    0.1644803290109789 Si\n   0.6644803290109788    0.1644803290109789    0.3355196709890211 Si\n   0.8355196709890212    0.8355196709890212    0.8355196709890212 Si\n   0.8769647981718646    0.6230352018281354    0.3769647981718646 Os\n   0.6230352018281354    0.3769647981718646    0.8769647981718646 Os\n   0.3769647981718646    0.8769647981718646    0.6230352018281354 Os\n   0.1230352018281354    0.1230352018281354    0.1230352018281354 Os\n",
    "cif": "# generated using pymatgen\ndata_SiOs\n_symmetry_space_group_name_H-M   'P 1'\n_cell_length_a   4.79360390\n_cell_length_b   4.79360390\n_cell_length_c   4.79360390\n_cell_angle_alpha   90.00000000\n_cell_angle_beta   90.00000000\n_cell_angle_gamma   90.00000000\n_symmetry_Int_Tables_number   1\n_chemical_formula_structural   SiOs\n_chemical_formula_sum   'Si4 Os4'\n_cell_volume   110.15049056\n_cell_formula_units_Z   4\nloop_\n _symmetry_equiv_pos_site_id\n _symmetry_equiv_pos_as_xyz\n  1  'x, y, z'\nloop_\n _atom_site_type_symbol\n _atom_site_label\n _atom_site_symmetry_multiplicity\n _atom_site_fract_x\n _atom_site_fract_y\n _atom_site_fract_z\n _atom_site_occupancy\n  Si  Si0  1  0.16448033  0.33551967  0.66448033  1\n  Si  Si1  1  0.33551967  0.66448033  0.16448033  1\n  Si  Si2  1  0.66448033  0.16448033  0.33551967  1\n  Si  Si3  1  0.83551967  0.83551967  0.83551967  1\n  Os  Os4  1  0.87696480  0.62303520  0.37696480  1\n  Os  Os5  1  0.62303520  0.37696480  0.87696480  1\n  Os  Os6  1  0.37696480  0.87696480  0.62303520  1\n  Os  Os7  1  0.12303520  0.12303520  0.12303520  1\n",
    "abc": [
        4.7936,
        4.7936,
        4.7936
    ],
    "angles": [
        90.0,
        90.0,
        90.0
    ],
    "eij": [
        [
            -0.0,
            -0.0,
            0.0,
            1.3363,
            0.0,
            0.0
        ],
        [
            0.0,
            -0.0,
            -0.0,
            0.0,
            1.3363,
            0.0
        ],
        [
            -0.0,
            0.0,
            -0.0,
            0.0,
            0.0,
            1.3363
        ]
    ],
    "Cij": [
        [
            249.43819,
            192.89476,
            192.89476,
            0.0,
            0.0,
            0.0
        ],
        [
            192.89476,
            249.43819,
            192.89476,
            0.0,
            0.0,
            0.0
        ],
        [
            192.89476,
            192.89476,
            249.43819,
            0.0,
            0.0,
            0.0
        ],
        [
            0.0,
            0.0,
            0.0,
            151.342,
            0.0,
            0.0
        ],
        [
            0.0,
            0.0,
            0.0,
            0.0,
            151.342,
            0.0
        ],
        [
            0.0,
            0.0,
            0.0,
            0.0,
            0.0,
            151.342
        ]
    ],
    "Sij": [
        [
            0.01231509332316222,
            -0.0053704273465247825,
            -0.005370427346524779,
            0.0,
            0.0,
            0.0
        ],
        [
            -0.0053704273465247825,
            0.01231509332316222,
            -0.005370427346524782,
            0.0,
            0.0,
            0.0
        ],
        [
            -0.005370427346524781,
            -0.005370427346524781,
            0.012315093323162218,
            0.0,
            0.0,
            0.0
        ],
        [
            0.0,
            0.0,
            0.0,
            0.006607551109407831,
            0.0,
            0.0
        ],
        [
            0.0,
            0.0,
            0.0,
            0.0,
            0.006607551109407831,
            0.0
        ],
        [
            0.0,
            0.0,
            0.0,
            0.0,
            0.0,
            0.006607551109407831
        ]
    ],
    "dij": [
        [
            0.0,
            0.0,
            0.0,
            8.829670547501685,
            0.0,
            0.0
        ],
        [
            0.0,
            0.0,
            0.0,
            0.0,
            8.829670547501685,
            0.0
        ],
        [
            0.0,
            0.0,
            0.0,
            0.0,
            0.0,
            8.829670547501685
        ]
    ],
    "poisson": [
        0.4360849898249724,
        0.4360849898249724,
        0.4360849898249723
    ]
}