{
    "Formula": "Na3SbSe3",
    "matID": "29094294",
    "Source": "jarvis",
    "Point Group": "23",
    "Space Group": "P2_13",
    "poscar": "Na12 Sb4 Se12\n1.0\n   9.0559078761130696    0.0000000000000000    0.0000000000000000\n  -0.0000000000000000    9.0559078761130696    0.0000000000000000\n   0.0000000000000000    0.0000000000000000    9.0559078761130696\nNa Sb Se\n12 4 12\ndirect\n   0.9158254403808609    0.4158254403808587    0.0841745596191395 Na\n   0.4158254403808587    0.0841745596191395    0.9158254403808609 Na\n   0.0841745596191395    0.9158254403808609    0.4158254403808587 Na\n   0.5841745596191391    0.5841745596191391    0.5841745596191391 Na\n   0.1783702577671460    0.6783702577671422    0.8216297422328578 Na\n   0.6783702577671422    0.8216297422328578    0.1783702577671460 Na\n   0.8216297422328578    0.1783702577671460    0.6783702577671422 Na\n   0.3216297422328542    0.3216297422328542    0.3216297422328542 Na\n   0.6866754719037836    0.1866754719037810    0.3133245280962176 Na\n   0.1866754719037810    0.3133245280962176    0.6866754719037836 Na\n   0.3133245280962176    0.6866754719037836    0.1866754719037810 Na\n   0.8133245280962164    0.8133245280962164    0.8133245280962164 Na\n   0.0368254733756827    0.0368254733756827    0.0368254733756827 Sb\n   0.5368254733756799    0.4631745266243176    0.9631745266243201 Sb\n   0.9631745266243201    0.5368254733756799    0.4631745266243176 Sb\n   0.4631745266243176    0.9631745266243201    0.5368254733756799 Sb\n   0.9991412041417919    0.7616234141743886    0.1138737460992615 Se\n   0.8861262539007390    0.4991412041417951    0.7383765858256114 Se\n   0.2616234141743927    0.3861262539007367    0.0008587958582064 Se\n   0.4991412041417951    0.7383765858256114    0.8861262539007390 Se\n   0.3861262539007367    0.0008587958582064    0.2616234141743927 Se\n   0.7616234141743886    0.1138737460992615    0.9991412041417919 Se\n   0.0008587958582064    0.2616234141743927    0.3861262539007367 Se\n   0.1138737460992615    0.9991412041417919    0.7616234141743886 Se\n   0.7383765858256114    0.8861262539007390    0.4991412041417951 Se\n   0.5008587958582081    0.2383765858256085    0.6138737460992610 Se\n   0.6138737460992610    0.5008587958582081    0.2383765858256085 Se\n   0.2383765858256085    0.6138737460992610    0.5008587958582081 Se\n",
    "cif": "# generated using pymatgen\ndata_Na3SbSe3\n_symmetry_space_group_name_H-M   'P 1'\n_cell_length_a   9.05590788\n_cell_length_b   9.05590788\n_cell_length_c   9.05590788\n_cell_angle_alpha   90.00000000\n_cell_angle_beta   90.00000000\n_cell_angle_gamma   90.00000000\n_symmetry_Int_Tables_number   1\n_chemical_formula_structural   Na3SbSe3\n_chemical_formula_sum   'Na12 Sb4 Se12'\n_cell_volume   742.67018229\n_cell_formula_units_Z   4\nloop_\n _symmetry_equiv_pos_site_id\n _symmetry_equiv_pos_as_xyz\n  1  'x, y, z'\nloop_\n _atom_site_type_symbol\n _atom_site_label\n _atom_site_symmetry_multiplicity\n _atom_site_fract_x\n _atom_site_fract_y\n _atom_site_fract_z\n _atom_site_occupancy\n  Na  Na0  1  0.91582544  0.41582544  0.08417456  1\n  Na  Na1  1  0.41582544  0.08417456  0.91582544  1\n  Na  Na2  1  0.08417456  0.91582544  0.41582544  1\n  Na  Na3  1  0.58417456  0.58417456  0.58417456  1\n  Na  Na4  1  0.17837026  0.67837026  0.82162974  1\n  Na  Na5  1  0.67837026  0.82162974  0.17837026  1\n  Na  Na6  1  0.82162974  0.17837026  0.67837026  1\n  Na  Na7  1  0.32162974  0.32162974  0.32162974  1\n  Na  Na8  1  0.68667547  0.18667547  0.31332453  1\n  Na  Na9  1  0.18667547  0.31332453  0.68667547  1\n  Na  Na10  1  0.31332453  0.68667547  0.18667547  1\n  Na  Na11  1  0.81332453  0.81332453  0.81332453  1\n  Sb  Sb12  1  0.03682547  0.03682547  0.03682547  1\n  Sb  Sb13  1  0.53682547  0.46317453  0.96317453  1\n  Sb  Sb14  1  0.96317453  0.53682547  0.46317453  1\n  Sb  Sb15  1  0.46317453  0.96317453  0.53682547  1\n  Se  Se16  1  0.99914120  0.76162341  0.11387375  1\n  Se  Se17  1  0.88612625  0.49914120  0.73837659  1\n  Se  Se18  1  0.26162341  0.38612625  0.00085880  1\n  Se  Se19  1  0.49914120  0.73837659  0.88612625  1\n  Se  Se20  1  0.38612625  0.00085880  0.26162341  1\n  Se  Se21  1  0.76162341  0.11387375  0.99914120  1\n  Se  Se22  1  0.00085880  0.26162341  0.38612625  1\n  Se  Se23  1  0.11387375  0.99914120  0.76162341  1\n  Se  Se24  1  0.73837659  0.88612625  0.49914120  1\n  Se  Se25  1  0.50085880  0.23837659  0.61387375  1\n  Se  Se26  1  0.61387375  0.50085880  0.23837659  1\n  Se  Se27  1  0.23837659  0.61387375  0.50085880  1\n",
    "abc": [
        9.05591,
        9.05591,
        9.05591
    ],
    "angles": [
        90.0,
        90.0,
        90.0
    ],
    "eij": [
        [
            0.0,
            -0.0,
            0.0,
            0.13616,
            0.0,
            0.0
        ],
        [
            0.0,
            0.0,
            -0.0,
            0.0,
            0.13616,
            0.0
        ],
        [
            -0.0,
            0.0,
            0.0,
            0.0,
            0.0,
            0.13616
        ]
    ],
    "Cij": [
        [
            30.10134,
            13.07814,
            13.07814,
            0.0,
            0.0,
            0.0
        ],
        [
            13.07814,
            30.10134,
            13.07814,
            0.0,
            0.0,
            0.0
        ],
        [
            13.07814,
            13.07814,
            30.10134,
            0.0,
            0.0,
            0.0
        ],
        [
            0.0,
            0.0,
            0.0,
            10.023019999999999,
            0.0,
            0.0
        ],
        [
            0.0,
            0.0,
            0.0,
            0.0,
            10.023019999999999,
            0.0
        ],
        [
            0.0,
            0.0,
            0.0,
            0.0,
            0.0,
            10.023019999999999
        ]
    ],
    "Sij": [
        [
            0.045087364602623047,
            -0.013655997397470941,
            -0.013655997397470941,
            0.0,
            0.0,
            0.0
        ],
        [
            -0.013655997397470943,
            0.045087364602623047,
            -0.013655997397470943,
            0.0,
            0.0,
            0.0
        ],
        [
            -0.013655997397470941,
            -0.013655997397470941,
            0.045087364602623047,
            0.0,
            0.0,
            0.0
        ],
        [
            0.0,
            0.0,
            0.0,
            0.09977032870332496,
            0.0,
            0.0
        ],
        [
            0.0,
            0.0,
            0.0,
            0.0,
            0.09977032870332496,
            0.0
        ],
        [
            0.0,
            0.0,
            0.0,
            0.0,
            0.0,
            0.09977032870332496
        ]
    ],
    "dij": [
        [
            0.0,
            0.0,
            0.0,
            13.584727956244727,
            0.0,
            0.0
        ],
        [
            0.0,
            0.0,
            0.0,
            0.0,
            13.584727956244727,
            0.0
        ],
        [
            0.0,
            0.0,
            0.0,
            0.0,
            0.0,
            13.584727956244727
        ]
    ],
    "poisson": [
        0.30287858955225955,
        0.3028785895522596,
        0.30287858955225955
    ]
}