{
    "Formula": "BiIrSe",
    "matID": "29151731",
    "Source": "mp",
    "Point Group": "23",
    "Space Group": "P2_13",
    "poscar": "Bi4 Ir4 Se4\n1.0\n   6.3860687240195455    0.0000000000000000   -0.0000000000000000\n   0.0000000000000000    6.3860687240195455    0.0000000000000000\n   0.0000000000000000   -0.0000000000000000    6.3860687240195455\nBi Ir Se\n4 4 4\ndirect\n   0.1305713818018795    0.6305713818018794    0.8694286181981206 Bi\n   0.6305713818018794    0.8694286181981206    0.1305713818018795 Bi\n   0.8694286181981206    0.1305713818018795    0.6305713818018794 Bi\n   0.3694286181981206    0.3694286181981206    0.3694286181981206 Bi\n   0.4855131862560867    0.9855131862560869    0.5144868137439131 Ir\n   0.9855131862560869    0.5144868137439131    0.4855131862560867 Ir\n   0.5144868137439131    0.4855131862560867    0.9855131862560869 Ir\n   0.0144868137439132    0.0144868137439132    0.0144868137439132 Ir\n   0.8787282484534502    0.3787282484534502    0.1212717515465499 Se\n   0.3787282484534502    0.1212717515465499    0.8787282484534502 Se\n   0.1212717515465499    0.8787282484534502    0.3787282484534502 Se\n   0.6212717515465498    0.6212717515465498    0.6212717515465498 Se\n",
    "cif": "# generated using pymatgen\ndata_BiIrSe\n_symmetry_space_group_name_H-M   'P 1'\n_cell_length_a   6.38606872\n_cell_length_b   6.38606872\n_cell_length_c   6.38606872\n_cell_angle_alpha   90.00000000\n_cell_angle_beta   90.00000000\n_cell_angle_gamma   90.00000000\n_symmetry_Int_Tables_number   1\n_chemical_formula_structural   BiIrSe\n_chemical_formula_sum   'Bi4 Ir4 Se4'\n_cell_volume   260.43584845\n_cell_formula_units_Z   4\nloop_\n _symmetry_equiv_pos_site_id\n _symmetry_equiv_pos_as_xyz\n  1  'x, y, z'\nloop_\n _atom_site_type_symbol\n _atom_site_label\n _atom_site_symmetry_multiplicity\n _atom_site_fract_x\n _atom_site_fract_y\n _atom_site_fract_z\n _atom_site_occupancy\n  Bi  Bi0  1  0.13057138  0.63057138  0.86942862  1\n  Bi  Bi1  1  0.63057138  0.86942862  0.13057138  1\n  Bi  Bi2  1  0.86942862  0.13057138  0.63057138  1\n  Bi  Bi3  1  0.36942862  0.36942862  0.36942862  1\n  Ir  Ir4  1  0.48551319  0.98551319  0.51448681  1\n  Ir  Ir5  1  0.98551319  0.51448681  0.48551319  1\n  Ir  Ir6  1  0.51448681  0.48551319  0.98551319  1\n  Ir  Ir7  1  0.01448681  0.01448681  0.01448681  1\n  Se  Se8  1  0.87872825  0.37872825  0.12127175  1\n  Se  Se9  1  0.37872825  0.12127175  0.87872825  1\n  Se  Se10  1  0.12127175  0.87872825  0.37872825  1\n  Se  Se11  1  0.62127175  0.62127175  0.62127175  1\n",
    "abc": [
        6.38607,
        6.38607,
        6.38607
    ],
    "angles": [
        90.0,
        90.0,
        90.0
    ],
    "eij": [
        [
            0.0,
            -0.0,
            -0.0,
            -0.06292,
            0.0,
            0.0
        ],
        [
            -0.0,
            0.0,
            -0.0,
            0.0,
            -0.06292,
            0.0
        ],
        [
            -0.0,
            -0.0,
            0.0,
            0.0,
            0.0,
            -0.06292
        ]
    ],
    "Cij": [
        [
            227.79908,
            61.86297,
            61.86297,
            0.0,
            0.0,
            0.0
        ],
        [
            61.86297,
            227.79908,
            61.86297,
            0.0,
            0.0,
            0.0
        ],
        [
            61.86297,
            61.86297,
            227.79908,
            0.0,
            0.0,
            0.0
        ],
        [
            0.0,
            0.0,
            0.0,
            57.704809999999995,
            0.0,
            0.0
        ],
        [
            0.0,
            0.0,
            0.0,
            0.0,
            57.704809999999995,
            0.0
        ],
        [
            0.0,
            0.0,
            0.0,
            0.0,
            0.0,
            57.704809999999995
        ]
    ],
    "Sij": [
        [
            0.0049658597938305555,
            -0.001060556035731798,
            -0.0010605560357317978,
            0.0,
            0.0,
            0.0
        ],
        [
            -0.0010605560357317978,
            0.004965859793830556,
            -0.001060556035731798,
            0.0,
            0.0,
            0.0
        ],
        [
            -0.0010605560357317978,
            -0.001060556035731798,
            0.0049658597938305555,
            0.0,
            0.0,
            0.0
        ],
        [
            0.0,
            0.0,
            0.0,
            0.01732957789827226,
            0.0,
            0.0
        ],
        [
            0.0,
            0.0,
            0.0,
            0.0,
            0.01732957789827226,
            0.0
        ],
        [
            0.0,
            0.0,
            0.0,
            0.0,
            0.0,
            0.01732957789827226
        ]
    ],
    "dij": [
        [
            0.0,
            0.0,
            0.0,
            -1.0903770413592908,
            0.0,
            0.0
        ],
        [
            0.0,
            0.0,
            0.0,
            0.0,
            -1.0903770413592908,
            0.0
        ],
        [
            0.0,
            0.0,
            0.0,
            0.0,
            0.0,
            -1.0903770413592908
        ]
    ],
    "poisson": [
        0.2135694682820894,
        0.21356946828208942,
        0.2135694682820894
    ]
}