{
    "Formula": "SnPtSe",
    "matID": "33235536",
    "Source": "mp",
    "Point Group": "23",
    "Space Group": "P2_13",
    "poscar": "Sn4 Pt4 Se4\n1.0\n   6.3602815508403321    0.0000000000000000    0.0000000000000000\n   0.0000000000000000    6.3602815508403321    0.0000000000000000\n   0.0000000000000000    0.0000000000000000    6.3602815508403321\nSn Pt Se\n4 4 4\ndirect\n   0.8769524321728213    0.1230475678271787    0.6230475678271787 Sn\n   0.1230475678271787    0.6230475678271787    0.8769524321728213 Sn\n   0.6230475678271787    0.8769524321728213    0.1230475678271787 Sn\n   0.3769524321728213    0.3769524321728213    0.3769524321728213 Sn\n   0.5040104345891052    0.4959895654108948    0.9959895654108948 Pt\n   0.4959895654108948    0.9959895654108948    0.5040104345891052 Pt\n   0.9959895654108948    0.5040104345891052    0.4959895654108948 Pt\n   0.0040104345891052    0.0040104345891052    0.0040104345891052 Pt\n   0.1225773332157587    0.8774226667842413    0.3774226667842413 Se\n   0.8774226667842413    0.3774226667842413    0.1225773332157587 Se\n   0.3774226667842413    0.1225773332157587    0.8774226667842413 Se\n   0.6225773332157587    0.6225773332157587    0.6225773332157587 Se\n",
    "cif": "# generated using pymatgen\ndata_SnPtSe\n_symmetry_space_group_name_H-M   'P 1'\n_cell_length_a   6.36028155\n_cell_length_b   6.36028155\n_cell_length_c   6.36028155\n_cell_angle_alpha   90.00000000\n_cell_angle_beta   90.00000000\n_cell_angle_gamma   90.00000000\n_symmetry_Int_Tables_number   1\n_chemical_formula_structural   SnPtSe\n_chemical_formula_sum   'Sn4 Pt4 Se4'\n_cell_volume   257.29362337\n_cell_formula_units_Z   4\nloop_\n _symmetry_equiv_pos_site_id\n _symmetry_equiv_pos_as_xyz\n  1  'x, y, z'\nloop_\n _atom_site_type_symbol\n _atom_site_label\n _atom_site_symmetry_multiplicity\n _atom_site_fract_x\n _atom_site_fract_y\n _atom_site_fract_z\n _atom_site_occupancy\n  Sn  Sn0  1  0.87695243  0.12304757  0.62304757  1\n  Sn  Sn1  1  0.12304757  0.62304757  0.87695243  1\n  Sn  Sn2  1  0.62304757  0.87695243  0.12304757  1\n  Sn  Sn3  1  0.37695243  0.37695243  0.37695243  1\n  Pt  Pt4  1  0.50401043  0.49598957  0.99598957  1\n  Pt  Pt5  1  0.49598957  0.99598957  0.50401043  1\n  Pt  Pt6  1  0.99598957  0.50401043  0.49598957  1\n  Pt  Pt7  1  0.00401043  0.00401043  0.00401043  1\n  Se  Se8  1  0.12257733  0.87742267  0.37742267  1\n  Se  Se9  1  0.87742267  0.37742267  0.12257733  1\n  Se  Se10  1  0.37742267  0.12257733  0.87742267  1\n  Se  Se11  1  0.62257733  0.62257733  0.62257733  1\n",
    "abc": [
        6.36028,
        6.36028,
        6.36028
    ],
    "angles": [
        90.0,
        90.0,
        90.0
    ],
    "eij": [
        [
            0.0,
            -0.0,
            -0.0,
            -0.05084,
            0.0,
            0.0
        ],
        [
            -0.0,
            0.0,
            -0.0,
            0.0,
            -0.05084,
            0.0
        ],
        [
            -0.0,
            -0.0,
            0.0,
            0.0,
            0.0,
            -0.05084
        ]
    ],
    "Cij": [
        [
            191.00966,
            61.44619,
            61.44619,
            0.0,
            0.0,
            0.0
        ],
        [
            61.44619,
            191.00966,
            61.44619,
            0.0,
            0.0,
            0.0
        ],
        [
            61.44619,
            61.44619,
            191.00966,
            0.0,
            0.0,
            0.0
        ],
        [
            0.0,
            0.0,
            0.0,
            46.545139999999996,
            0.0,
            0.0
        ],
        [
            0.0,
            0.0,
            0.0,
            0.0,
            46.545139999999996,
            0.0
        ],
        [
            0.0,
            0.0,
            0.0,
            0.0,
            0.0,
            46.545139999999996
        ]
    ],
    "Sij": [
        [
            0.006207385676966302,
            -0.0015108392208386138,
            -0.0015108392208386138,
            0.0,
            0.0,
            0.0
        ],
        [
            -0.0015108392208386138,
            0.0062073856769663,
            -0.0015108392208386134,
            0.0,
            0.0,
            0.0
        ],
        [
            -0.0015108392208386138,
            -0.0015108392208386134,
            0.0062073856769663,
            0.0,
            0.0,
            0.0
        ],
        [
            0.0,
            0.0,
            0.0,
            0.02148452018835909,
            0.0,
            0.0
        ],
        [
            0.0,
            0.0,
            0.0,
            0.0,
            0.02148452018835909,
            0.0
        ],
        [
            0.0,
            0.0,
            0.0,
            0.0,
            0.0,
            0.02148452018835909
        ]
    ],
    "dij": [
        [
            0.0,
            0.0,
            0.0,
            -1.0922730063761763,
            0.0,
            0.0
        ],
        [
            0.0,
            0.0,
            0.0,
            0.0,
            -1.0922730063761763,
            0.0
        ],
        [
            0.0,
            0.0,
            0.0,
            0.0,
            0.0,
            -1.0922730063761763
        ]
    ],
    "poisson": [
        0.24339380529308396,
        0.24339380529308388,
        0.2433938052930839
    ]
}