{
    "Formula": "K2RbBiSe3",
    "matID": "35577322",
    "Source": "jarvis",
    "Point Group": "23",
    "Space Group": "P2_13",
    "poscar": "K8 Rb4 Bi4 Se12\n1.0\n  10.1389213842000423   -0.0000000000000000   -0.0000000000000000\n  -0.0000000000000000   10.1389213842000423    0.0000000000000000\n   0.0000000000000000   -0.0000000000000000   10.1389213842000423\nK Rb Bi Se\n8 4 4 12\ndirect\n   0.1816415382800863    0.6816415382800867    0.8183584617199133 K\n   0.6816415382800867    0.8183584617199133    0.1816415382800863 K\n   0.8183584617199133    0.1816415382800863    0.6816415382800867 K\n   0.3183584617199127    0.3183584617199127    0.3183584617199127 K\n   0.6886517946324122    0.1886517946324127    0.3113482053675842 K\n   0.1886517946324127    0.3113482053675842    0.6886517946324122 K\n   0.3113482053675842    0.6886517946324122    0.1886517946324127 K\n   0.8113482053675878    0.8113482053675878    0.8113482053675878 K\n   0.9277827008054363    0.4277827008054351    0.0722172991945658 Rb\n   0.4277827008054351    0.0722172991945658    0.9277827008054363 Rb\n   0.0722172991945658    0.9277827008054363    0.4277827008054351 Rb\n   0.5722172991945637    0.5722172991945637    0.5722172991945637 Rb\n   0.0292724129551400    0.0292724129551400    0.0292724129551400 Bi\n   0.5292724129551427    0.4707275870448605    0.9707275870448573 Bi\n   0.9707275870448573    0.5292724129551427    0.4707275870448605 Bi\n   0.4707275870448605    0.9707275870448573    0.5292724129551427 Bi\n   0.0018130600567031    0.7755110174766905    0.1027943953577655 Se\n   0.8972056046422328    0.5018130600567030    0.7244889825233095 Se\n   0.2755110174766877    0.3972056046422353    0.9981869399432970 Se\n   0.5018130600567030    0.7244889825233095    0.8972056046422328 Se\n   0.3972056046422353    0.9981869399432970    0.2755110174766877 Se\n   0.7755110174766905    0.1027943953577655    0.0018130600567031 Se\n   0.9981869399432970    0.2755110174766877    0.3972056046422353 Se\n   0.1027943953577655    0.0018130600567031    0.7755110174766905 Se\n   0.7244889825233095    0.8972056046422328    0.5018130600567030 Se\n   0.4981869399432962    0.2244889825233134    0.6027943953577672 Se\n   0.6027943953577672    0.4981869399432962    0.2244889825233134 Se\n   0.2244889825233134    0.6027943953577672    0.4981869399432962 Se\n",
    "cif": "# generated using pymatgen\ndata_K2RbBiSe3\n_symmetry_space_group_name_H-M   'P 1'\n_cell_length_a   10.13892138\n_cell_length_b   10.13892138\n_cell_length_c   10.13892138\n_cell_angle_alpha   90.00000000\n_cell_angle_beta   90.00000000\n_cell_angle_gamma   90.00000000\n_symmetry_Int_Tables_number   1\n_chemical_formula_structural   K2RbBiSe3\n_chemical_formula_sum   'K8 Rb4 Bi4 Se12'\n_cell_volume   1042.25807085\n_cell_formula_units_Z   4\nloop_\n _symmetry_equiv_pos_site_id\n _symmetry_equiv_pos_as_xyz\n  1  'x, y, z'\nloop_\n _atom_site_type_symbol\n _atom_site_label\n _atom_site_symmetry_multiplicity\n _atom_site_fract_x\n _atom_site_fract_y\n _atom_site_fract_z\n _atom_site_occupancy\n  K  K0  1  0.18164154  0.68164154  0.81835846  1\n  K  K1  1  0.68164154  0.81835846  0.18164154  1\n  K  K2  1  0.81835846  0.18164154  0.68164154  1\n  K  K3  1  0.31835846  0.31835846  0.31835846  1\n  K  K4  1  0.68865179  0.18865179  0.31134821  1\n  K  K5  1  0.18865179  0.31134821  0.68865179  1\n  K  K6  1  0.31134821  0.68865179  0.18865179  1\n  K  K7  1  0.81134821  0.81134821  0.81134821  1\n  Rb  Rb8  1  0.92778270  0.42778270  0.07221730  1\n  Rb  Rb9  1  0.42778270  0.07221730  0.92778270  1\n  Rb  Rb10  1  0.07221730  0.92778270  0.42778270  1\n  Rb  Rb11  1  0.57221730  0.57221730  0.57221730  1\n  Bi  Bi12  1  0.02927241  0.02927241  0.02927241  1\n  Bi  Bi13  1  0.52927241  0.47072759  0.97072759  1\n  Bi  Bi14  1  0.97072759  0.52927241  0.47072759  1\n  Bi  Bi15  1  0.47072759  0.97072759  0.52927241  1\n  Se  Se16  1  0.00181306  0.77551102  0.10279440  1\n  Se  Se17  1  0.89720560  0.50181306  0.72448898  1\n  Se  Se18  1  0.27551102  0.39720560  0.99818694  1\n  Se  Se19  1  0.50181306  0.72448898  0.89720560  1\n  Se  Se20  1  0.39720560  0.99818694  0.27551102  1\n  Se  Se21  1  0.77551102  0.10279440  0.00181306  1\n  Se  Se22  1  0.99818694  0.27551102  0.39720560  1\n  Se  Se23  1  0.10279440  0.00181306  0.77551102  1\n  Se  Se24  1  0.72448898  0.89720560  0.50181306  1\n  Se  Se25  1  0.49818694  0.22448898  0.60279440  1\n  Se  Se26  1  0.60279440  0.49818694  0.22448898  1\n  Se  Se27  1  0.22448898  0.60279440  0.49818694  1\n",
    "abc": [
        10.13892,
        10.13892,
        10.13892
    ],
    "angles": [
        90.0,
        90.0,
        90.0
    ],
    "eij": [
        [
            0.0,
            -0.0,
            0.0,
            0.05535,
            0.0,
            0.0
        ],
        [
            0.0,
            0.0,
            -0.0,
            0.0,
            0.05535,
            0.0
        ],
        [
            -0.0,
            0.0,
            0.0,
            0.0,
            0.0,
            0.05535
        ]
    ],
    "Cij": [
        [
            23.585749999999997,
            7.307599999999999,
            7.307599999999999,
            0.0,
            0.0,
            0.0
        ],
        [
            7.307599999999999,
            23.585749999999997,
            7.307599999999999,
            0.0,
            0.0,
            0.0
        ],
        [
            7.307599999999999,
            7.307599999999999,
            23.585749999999997,
            0.0,
            0.0,
            0.0
        ],
        [
            0.0,
            0.0,
            0.0,
            5.74904,
            0.0,
            0.0
        ],
        [
            0.0,
            0.0,
            0.0,
            0.0,
            5.74904,
            0.0
        ],
        [
            0.0,
            0.0,
            0.0,
            0.0,
            0.0,
            5.74904
        ]
    ],
    "Sij": [
        [
            0.049680481380500234,
            -0.011751560958463345,
            -0.011751560958463346,
            0.0,
            0.0,
            0.0
        ],
        [
            -0.011751560958463343,
            0.04968048138050024,
            -0.011751560958463348,
            0.0,
            0.0,
            0.0
        ],
        [
            -0.011751560958463345,
            -0.011751560958463348,
            0.04968048138050025,
            0.0,
            0.0,
            0.0
        ],
        [
            0.0,
            0.0,
            0.0,
            0.17394208424363025,
            0.0,
            0.0
        ],
        [
            0.0,
            0.0,
            0.0,
            0.0,
            0.17394208424363025,
            0.0
        ],
        [
            0.0,
            0.0,
            0.0,
            0.0,
            0.0,
            0.17394208424363025
        ]
    ],
    "dij": [
        [
            0.0,
            0.0,
            0.0,
            9.627694362884935,
            0.0,
            0.0
        ],
        [
            0.0,
            0.0,
            0.0,
            0.0,
            9.627694362884935,
            0.0
        ],
        [
            0.0,
            0.0,
            0.0,
            0.0,
            0.0,
            9.627694362884935
        ]
    ],
    "poisson": [
        0.23654281584871825,
        0.23654281584871828,
        0.23654281584871828
    ]
}