{
    "Formula": "PRhSe",
    "matID": "36616697",
    "Source": "jarvis",
    "Point Group": "23",
    "Space Group": "P2_13",
    "poscar": "P4 Rh4 Se4\n1.0\n   5.8505167640668798    0.0000000000000000   -0.0000000000000000\n   0.0000000000000000    5.8505167640668798   -0.0000000000000000\n   0.0000000000000000   -0.0000000000000000    5.8505167640668798\nP Rh Se\n4 4 4\ndirect\n   0.8856671882425864    0.3856671882425864    0.1143328117574137 P\n   0.3856671882425864    0.1143328117574137    0.8856671882425864 P\n   0.1143328117574137    0.8856671882425864    0.3856671882425864 P\n   0.6143328117574136    0.6143328117574136    0.6143328117574136 P\n   0.4861403145485279    0.9861403145485279    0.5138596854514721 Rh\n   0.9861403145485279    0.5138596854514721    0.4861403145485279 Rh\n   0.5138596854514721    0.4861403145485279    0.9861403145485279 Rh\n   0.0138596854514721    0.0138596854514721    0.0138596854514721 Rh\n   0.1158963460735903    0.6158963460735903    0.8841036539264097 Se\n   0.6158963460735903    0.8841036539264097    0.1158963460735903 Se\n   0.8841036539264097    0.1158963460735903    0.6158963460735903 Se\n   0.3841036539264097    0.3841036539264097    0.3841036539264097 Se\n",
    "cif": "# generated using pymatgen\ndata_PRhSe\n_symmetry_space_group_name_H-M   'P 1'\n_cell_length_a   5.85051676\n_cell_length_b   5.85051676\n_cell_length_c   5.85051676\n_cell_angle_alpha   90.00000000\n_cell_angle_beta   90.00000000\n_cell_angle_gamma   90.00000000\n_symmetry_Int_Tables_number   1\n_chemical_formula_structural   PRhSe\n_chemical_formula_sum   'P4 Rh4 Se4'\n_cell_volume   200.25468456\n_cell_formula_units_Z   4\nloop_\n _symmetry_equiv_pos_site_id\n _symmetry_equiv_pos_as_xyz\n  1  'x, y, z'\nloop_\n _atom_site_type_symbol\n _atom_site_label\n _atom_site_symmetry_multiplicity\n _atom_site_fract_x\n _atom_site_fract_y\n _atom_site_fract_z\n _atom_site_occupancy\n  P  P0  1  0.88566719  0.38566719  0.11433281  1\n  P  P1  1  0.38566719  0.11433281  0.88566719  1\n  P  P2  1  0.11433281  0.88566719  0.38566719  1\n  P  P3  1  0.61433281  0.61433281  0.61433281  1\n  Rh  Rh4  1  0.48614031  0.98614031  0.51385969  1\n  Rh  Rh5  1  0.98614031  0.51385969  0.48614031  1\n  Rh  Rh6  1  0.51385969  0.48614031  0.98614031  1\n  Rh  Rh7  1  0.01385969  0.01385969  0.01385969  1\n  Se  Se8  1  0.11589635  0.61589635  0.88410365  1\n  Se  Se9  1  0.61589635  0.88410365  0.11589635  1\n  Se  Se10  1  0.88410365  0.11589635  0.61589635  1\n  Se  Se11  1  0.38410365  0.38410365  0.38410365  1\n",
    "abc": [
        5.85052,
        5.85052,
        5.85052
    ],
    "angles": [
        90.0,
        90.0,
        90.0
    ],
    "eij": [
        [
            -0.0,
            -0.0,
            -0.0,
            0.16264,
            0.0,
            0.0
        ],
        [
            -0.0,
            -0.0,
            -0.0,
            0.0,
            0.16264,
            0.0
        ],
        [
            -0.0,
            -0.0,
            -0.0,
            0.0,
            0.0,
            0.16264
        ]
    ],
    "Cij": [
        [
            319.37278000000003,
            65.7827,
            65.7827,
            0.0,
            0.0,
            0.0
        ],
        [
            65.7827,
            319.37278000000003,
            65.7827,
            0.0,
            0.0,
            0.0
        ],
        [
            65.7827,
            65.7827,
            319.37278000000003,
            0.0,
            0.0,
            0.0
        ],
        [
            0.0,
            0.0,
            0.0,
            75.72540000000001,
            0.0,
            0.0
        ],
        [
            0.0,
            0.0,
            0.0,
            0.0,
            75.72540000000001,
            0.0
        ],
        [
            0.0,
            0.0,
            0.0,
            0.0,
            0.0,
            75.72540000000001
        ]
    ],
    "Sij": [
        [
            0.0033681142361017815,
            -0.0005752576812855231,
            -0.0005752576812855231,
            0.0,
            0.0,
            0.0
        ],
        [
            -0.000575257681285523,
            0.0033681142361017815,
            -0.000575257681285523,
            0.0,
            0.0,
            0.0
        ],
        [
            -0.0005752576812855231,
            -0.0005752576812855231,
            0.0033681142361017815,
            0.0,
            0.0,
            0.0
        ],
        [
            0.0,
            0.0,
            0.0,
            0.013205608686121167,
            0.0,
            0.0
        ],
        [
            0.0,
            0.0,
            0.0,
            0.0,
            0.013205608686121167,
            0.0
        ],
        [
            0.0,
            0.0,
            0.0,
            0.0,
            0.0,
            0.013205608686121167
        ]
    ],
    "dij": [
        [
            0.0,
            0.0,
            0.0,
            2.147760196710747,
            0.0,
            0.0
        ],
        [
            0.0,
            0.0,
            0.0,
            0.0,
            2.147760196710747,
            0.0
        ],
        [
            0.0,
            0.0,
            0.0,
            0.0,
            0.0,
            2.147760196710747
        ]
    ],
    "poisson": [
        0.1707951812083785,
        0.17079518120837847,
        0.1707951812083785
    ]
}