{
    "Formula": "BaIn2Te4",
    "matID": "39605049",
    "Source": "mp",
    "Point Group": "1",
    "Space Group": "P1",
    "poscar": "Ba1 In2 Te4\n1.0\n   7.1519222759131891    0.0001060495511662    0.0001543415780952\n  -1.8106367249208013    6.9188902310002174   -0.0001716394721311\n  -3.5306782507825627   -2.7955097335994541    5.5559820782804161\nBa In Te\n1 2 4\ndirect\n   0.0000004286467217    0.9999990811887614    0.9999998550434626 Ba\n   0.4999989804742384    0.4999977888284732    0.9999980141694138 In\n   0.9999999863025053    0.5000006730009687    0.5000005730122368 In\n   0.0706723603850405    0.4999980573744978    0.9293288652164464 Te\n   0.9293205736164212    0.8586564741700943    0.4293282823404697 Te\n   0.5706782471892793    0.1413461289095350    0.0706724418294313 Te\n   0.4293294133858070    0.5000017865276689    0.5706709683885420 Te\n",
    "cif": "# generated using pymatgen\ndata_Ba(InTe2)2\n_symmetry_space_group_name_H-M   'P 1'\n_cell_length_a   7.15192228\n_cell_length_b   7.15188419\n_cell_length_c   7.15188789\n_cell_angle_alpha   104.66574413\n_cell_angle_beta   119.58141714\n_cell_angle_gamma   104.66427853\n_symmetry_Int_Tables_number   1\n_chemical_formula_structural   Ba(InTe2)2\n_chemical_formula_sum   'Ba1 In2 Te4'\n_cell_volume   274.93087686\n_cell_formula_units_Z   1\nloop_\n _symmetry_equiv_pos_site_id\n _symmetry_equiv_pos_as_xyz\n  1  'x, y, z'\nloop_\n _atom_site_type_symbol\n _atom_site_label\n _atom_site_symmetry_multiplicity\n _atom_site_fract_x\n _atom_site_fract_y\n _atom_site_fract_z\n _atom_site_occupancy\n  Ba  Ba0  1  0.00000043  0.99999908  0.99999986  1\n  In  In1  1  0.49999898  0.49999779  0.99999801  1\n  In  In2  1  0.99999999  0.50000067  0.50000057  1\n  Te  Te3  1  0.07067236  0.49999806  0.92932887  1\n  Te  Te4  1  0.92932057  0.85865647  0.42932828  1\n  Te  Te5  1  0.57067825  0.14134613  0.07067244  1\n  Te  Te6  1  0.42932941  0.50000179  0.57067097  1\n",
    "abc": [
        7.15192,
        7.15188,
        7.15189
    ],
    "angles": [
        104.66574,
        119.58142,
        104.66428
    ],
    "eij": [
        [
            -0.00026,
            -0.07045,
            0.07015,
            0.0496,
            0.02607,
            0.04528
        ],
        [
            -0.09294,
            0.00111,
            0.09231,
            -0.02121,
            -0.03479,
            0.04122
        ],
        [
            -0.04712,
            0.04628,
            -0.00178,
            -0.04643,
            -0.02801,
            -0.00825
        ]
    ],
    "Cij": [
        [
            33.99668,
            11.24202,
            12.88603,
            -1.07705,
            2.06722,
            -1.02664
        ],
        [
            11.24202,
            32.56951,
            12.56513,
            -0.93965,
            0.49946,
            -1.62093
        ],
        [
            12.88603,
            12.56513,
            38.58779,
            -3.1124199999999997,
            4.01455,
            -0.63972
        ],
        [
            -1.07705,
            -0.93965,
            -3.1124199999999997,
            12.11191,
            -1.25309,
            1.63629
        ],
        [
            2.06722,
            0.49946,
            4.01455,
            -1.25309,
            12.75667,
            -1.92804
        ],
        [
            -1.02664,
            -1.62093,
            -0.63972,
            1.63629,
            -1.92804,
            9.91331
        ]
    ],
    "Sij": [
        [
            0.03588165171182478,
            -0.008887640371083949,
            -0.008820938998696947,
            -0.00019331188988266885,
            -0.0025230566751470542,
            0.0012347162583260143
        ],
        [
            -0.008887640371083947,
            0.03769351293464744,
            -0.009663190232929986,
            -0.0006983921777994113,
            0.0037630532664092754,
            0.005466437760057703
        ],
        [
            -0.008820938998696945,
            -0.009663190232929988,
            0.03337238121494932,
            0.006577114198170257,
            -0.008514251487924444,
            -0.0030815325735964994
        ],
        [
            -0.00019331188988266885,
            -0.0006983921777994116,
            0.006577114198170258,
            0.08641710822696369,
            0.004497827438142077,
            -0.013099000622738423
        ],
        [
            -0.0025230566751470547,
            0.003763053266409275,
            -0.008514251487924444,
            0.004497827438142076,
            0.08410366257475588,
            0.015419482856499758
        ],
        [
            0.0012347162583260145,
            0.005466437760057703,
            -0.0030815325735964994,
            -0.013099000622738425,
            0.015419482856499755,
            0.10685836995872251
        ]
    ],
    "dij": [
        [
            -0.021440241143063365,
            -3.020087146177617,
            2.9888642712848794,
            4.321060732191149,
            2.2521430582371464,
            3.9892214024510535
        ],
        [
            -4.016194578797638,
            0.08507084446655885,
            3.9193858837703663,
            -1.905002484374706,
            -2.9330549359302545,
            3.7529449493253484
        ],
        [
            -2.016902274230336,
            2.0623669868182013,
            -0.13244122123611973,
            -4.065183723392719,
            -2.383592546887116,
            -0.5050026306321238
        ]
    ],
    "poisson": [
        0.23578700097529334,
        0.2895565099382634,
        0.24583425171004625
    ]
}