{
    "Formula": "AsPPt",
    "matID": "48820379",
    "Source": "mp",
    "Point Group": "23",
    "Space Group": "P2_13",
    "poscar": "As4 P4 Pt4\n1.0\n   5.9027793028648858    0.0000000000000000    0.0000000000000000\n   0.0000000000000000    5.9027793028648858    0.0000000000000000\n  -0.0000000000000000   -0.0000000000000000    5.9027793028648858\nAs P Pt\n4 4 4\ndirect\n   0.1144733306000951    0.8855266693999049    0.3855266693999048 As\n   0.8855266693999049    0.3855266693999048    0.1144733306000951 As\n   0.3855266693999048    0.1144733306000951    0.8855266693999049 As\n   0.6144733306000951    0.6144733306000951    0.6144733306000951 As\n   0.8867170694371350    0.1132829305628653    0.6132829305628650 P\n   0.1132829305628653    0.6132829305628650    0.8867170694371350 P\n   0.6132829305628650    0.8867170694371350    0.1132829305628653 P\n   0.3867170694371346    0.3867170694371346    0.3867170694371346 P\n   0.4900843324463434    0.5099156675536568    0.0099156675536566 Pt\n   0.5099156675536568    0.0099156675536566    0.4900843324463434 Pt\n   0.0099156675536566    0.4900843324463434    0.5099156675536568 Pt\n   0.9900843324463432    0.9900843324463432    0.9900843324463432 Pt\n",
    "cif": "# generated using pymatgen\ndata_AsPPt\n_symmetry_space_group_name_H-M   'P 1'\n_cell_length_a   5.90277930\n_cell_length_b   5.90277930\n_cell_length_c   5.90277930\n_cell_angle_alpha   90.00000000\n_cell_angle_beta   90.00000000\n_cell_angle_gamma   90.00000000\n_symmetry_Int_Tables_number   1\n_chemical_formula_structural   AsPPt\n_chemical_formula_sum   'As4 P4 Pt4'\n_cell_volume   205.66937934\n_cell_formula_units_Z   4\nloop_\n _symmetry_equiv_pos_site_id\n _symmetry_equiv_pos_as_xyz\n  1  'x, y, z'\nloop_\n _atom_site_type_symbol\n _atom_site_label\n _atom_site_symmetry_multiplicity\n _atom_site_fract_x\n _atom_site_fract_y\n _atom_site_fract_z\n _atom_site_occupancy\n  As  As0  1  0.11447333  0.88552667  0.38552667  1\n  As  As1  1  0.88552667  0.38552667  0.11447333  1\n  As  As2  1  0.38552667  0.11447333  0.88552667  1\n  As  As3  1  0.61447333  0.61447333  0.61447333  1\n  P  P4  1  0.88671707  0.11328293  0.61328293  1\n  P  P5  1  0.11328293  0.61328293  0.88671707  1\n  P  P6  1  0.61328293  0.88671707  0.11328293  1\n  P  P7  1  0.38671707  0.38671707  0.38671707  1\n  Pt  Pt8  1  0.49008433  0.50991567  0.00991567  1\n  Pt  Pt9  1  0.50991567  0.00991567  0.49008433  1\n  Pt  Pt10  1  0.00991567  0.49008433  0.50991567  1\n  Pt  Pt11  1  0.99008433  0.99008433  0.99008433  1\n",
    "abc": [
        5.90278,
        5.90278,
        5.90278
    ],
    "angles": [
        90.0,
        90.0,
        90.0
    ],
    "eij": [
        [
            0.0,
            -0.0,
            -0.0,
            0.00544,
            0.0,
            0.0
        ],
        [
            -0.0,
            0.0,
            -0.0,
            0.0,
            0.00544,
            0.0
        ],
        [
            -0.0,
            -0.0,
            0.0,
            0.0,
            0.0,
            0.00544
        ]
    ],
    "Cij": [
        [
            338.94649,
            62.64202,
            62.64202,
            0.0,
            0.0,
            0.0
        ],
        [
            62.64202,
            338.94649,
            62.64202,
            0.0,
            0.0,
            0.0
        ],
        [
            62.64202,
            62.64202,
            338.94649,
            0.0,
            0.0,
            0.0
        ],
        [
            0.0,
            0.0,
            0.0,
            79.43252,
            0.0,
            0.0
        ],
        [
            0.0,
            0.0,
            0.0,
            0.0,
            79.43252,
            0.0
        ],
        [
            0.0,
            0.0,
            0.0,
            0.0,
            0.0,
            79.43252
        ]
    ],
    "Sij": [
        [
            0.003130831317034081,
            -0.0004883645649579845,
            -0.0004883645649579845,
            0.0,
            0.0,
            0.0
        ],
        [
            -0.0004883645649579845,
            0.00313083131703408,
            -0.0004883645649579844,
            0.0,
            0.0,
            0.0
        ],
        [
            -0.0004883645649579845,
            -0.0004883645649579844,
            0.00313083131703408,
            0.0,
            0.0,
            0.0
        ],
        [
            0.0,
            0.0,
            0.0,
            0.012589302215263975,
            0.0,
            0.0
        ],
        [
            0.0,
            0.0,
            0.0,
            0.0,
            0.012589302215263975,
            0.0
        ],
        [
            0.0,
            0.0,
            0.0,
            0.0,
            0.0,
            0.012589302215263975
        ]
    ],
    "dij": [
        [
            0.0,
            0.0,
            0.0,
            0.06848580405103603,
            0.0,
            0.0
        ],
        [
            0.0,
            0.0,
            0.0,
            0.0,
            0.06848580405103603,
            0.0
        ],
        [
            0.0,
            0.0,
            0.0,
            0.0,
            0.0,
            0.06848580405103603
        ]
    ],
    "poisson": [
        0.1559855883326941,
        0.15598558833269408,
        0.15598558833269405
    ]
}