{
    "Formula": "Rb3SbS3",
    "matID": "50709112",
    "Source": "jarvis",
    "Point Group": "23",
    "Space Group": "P2_13",
    "poscar": "Rb12 Sb4 S12\n1.0\n  10.0616396135674346   -0.0000000000000000   -0.0000000000000000\n  -0.0000000000000000   10.0616396135674346   -0.0000000000000000\n   0.0000000000000000   -0.0000000000000000   10.0616396135674346\nRb Sb S\n12 4 12\ndirect\n   0.4422665500613845    0.9422665500613830    0.5577334499386170 Rb\n   0.9422665500613830    0.5577334499386170    0.4422665500613845 Rb\n   0.5577334499386170    0.4422665500613845    0.9422665500613830 Rb\n   0.0577334499386155    0.0577334499386155    0.0577334499386155 Rb\n   0.9368178091022563    0.4368178091022554    0.0631821908977439 Rb\n   0.4368178091022554    0.0631821908977439    0.9368178091022563 Rb\n   0.0631821908977439    0.9368178091022563    0.4368178091022554 Rb\n   0.5631821908977437    0.5631821908977437    0.5631821908977437 Rb\n   0.6760835982977494    0.1760835982977505    0.3239164017022497 Rb\n   0.1760835982977505    0.3239164017022497    0.6760835982977494 Rb\n   0.3239164017022497    0.6760835982977494    0.1760835982977505 Rb\n   0.8239164017022506    0.8239164017022506    0.8239164017022506 Rb\n   0.2749625847661125    0.2749625847661125    0.2749625847661125 Sb\n   0.7749625847661136    0.2250374152338872    0.7250374152338864 Sb\n   0.7250374152338864    0.7749625847661136    0.2250374152338872 Sb\n   0.2250374152338872    0.7250374152338864    0.7749625847661136 Sb\n   0.1559538170346908    0.9583418769585961    0.7548247503238470 S\n   0.2451752496761508    0.6559538170346906    0.5416581230414039 S\n   0.4583418769585934    0.7451752496761530    0.8440461829653094 S\n   0.6559538170346906    0.5416581230414039    0.2451752496761508 S\n   0.7451752496761530    0.8440461829653094    0.4583418769585934 S\n   0.9583418769585961    0.7548247503238470    0.1559538170346908 S\n   0.8440461829653094    0.4583418769585934    0.7451752496761530 S\n   0.7548247503238470    0.1559538170346908    0.9583418769585961 S\n   0.5416581230414039    0.2451752496761508    0.6559538170346906 S\n   0.3440461829653063    0.0416581230414057    0.2548247503238483 S\n   0.2548247503238483    0.3440461829653063    0.0416581230414057 S\n   0.0416581230414057    0.2548247503238483    0.3440461829653063 S\n",
    "cif": "# generated using pymatgen\ndata_Rb3SbS3\n_symmetry_space_group_name_H-M   'P 1'\n_cell_length_a   10.06163961\n_cell_length_b   10.06163961\n_cell_length_c   10.06163961\n_cell_angle_alpha   90.00000000\n_cell_angle_beta   90.00000000\n_cell_angle_gamma   90.00000000\n_symmetry_Int_Tables_number   1\n_chemical_formula_structural   Rb3SbS3\n_chemical_formula_sum   'Rb12 Sb4 S12'\n_cell_volume   1018.60610153\n_cell_formula_units_Z   4\nloop_\n _symmetry_equiv_pos_site_id\n _symmetry_equiv_pos_as_xyz\n  1  'x, y, z'\nloop_\n _atom_site_type_symbol\n _atom_site_label\n _atom_site_symmetry_multiplicity\n _atom_site_fract_x\n _atom_site_fract_y\n _atom_site_fract_z\n _atom_site_occupancy\n  Rb  Rb0  1  0.44226655  0.94226655  0.55773345  1\n  Rb  Rb1  1  0.94226655  0.55773345  0.44226655  1\n  Rb  Rb2  1  0.55773345  0.44226655  0.94226655  1\n  Rb  Rb3  1  0.05773345  0.05773345  0.05773345  1\n  Rb  Rb4  1  0.93681781  0.43681781  0.06318219  1\n  Rb  Rb5  1  0.43681781  0.06318219  0.93681781  1\n  Rb  Rb6  1  0.06318219  0.93681781  0.43681781  1\n  Rb  Rb7  1  0.56318219  0.56318219  0.56318219  1\n  Rb  Rb8  1  0.67608360  0.17608360  0.32391640  1\n  Rb  Rb9  1  0.17608360  0.32391640  0.67608360  1\n  Rb  Rb10  1  0.32391640  0.67608360  0.17608360  1\n  Rb  Rb11  1  0.82391640  0.82391640  0.82391640  1\n  Sb  Sb12  1  0.27496258  0.27496258  0.27496258  1\n  Sb  Sb13  1  0.77496258  0.22503742  0.72503742  1\n  Sb  Sb14  1  0.72503742  0.77496258  0.22503742  1\n  Sb  Sb15  1  0.22503742  0.72503742  0.77496258  1\n  S  S16  1  0.15595382  0.95834188  0.75482475  1\n  S  S17  1  0.24517525  0.65595382  0.54165812  1\n  S  S18  1  0.45834188  0.74517525  0.84404618  1\n  S  S19  1  0.65595382  0.54165812  0.24517525  1\n  S  S20  1  0.74517525  0.84404618  0.45834188  1\n  S  S21  1  0.95834188  0.75482475  0.15595382  1\n  S  S22  1  0.84404618  0.45834188  0.74517525  1\n  S  S23  1  0.75482475  0.15595382  0.95834188  1\n  S  S24  1  0.54165812  0.24517525  0.65595382  1\n  S  S25  1  0.34404618  0.04165812  0.25482475  1\n  S  S26  1  0.25482475  0.34404618  0.04165812  1\n  S  S27  1  0.04165812  0.25482475  0.34404618  1\n",
    "abc": [
        10.06164,
        10.06164,
        10.06164
    ],
    "angles": [
        90.0,
        90.0,
        90.0
    ],
    "eij": [
        [
            -0.0,
            0.0,
            -0.0,
            0.08817,
            0.0,
            0.0
        ],
        [
            -0.0,
            -0.0,
            0.0,
            0.0,
            0.08817,
            0.0
        ],
        [
            0.0,
            -0.0,
            -0.0,
            0.0,
            0.0,
            0.08817
        ]
    ],
    "Cij": [
        [
            21.420769999999997,
            9.775929999999999,
            9.775929999999999,
            0.0,
            0.0,
            0.0
        ],
        [
            9.775929999999999,
            21.420769999999997,
            9.775929999999999,
            0.0,
            0.0,
            0.0
        ],
        [
            9.775929999999999,
            9.775929999999999,
            21.420769999999997,
            0.0,
            0.0,
            0.0
        ],
        [
            0.0,
            0.0,
            0.0,
            6.57902,
            0.0,
            0.0
        ],
        [
            0.0,
            0.0,
            0.0,
            0.0,
            6.57902,
            0.0
        ],
        [
            0.0,
            0.0,
            0.0,
            0.0,
            0.0,
            6.57902
        ]
    ],
    "Sij": [
        [
            0.06538547589758167,
            -0.02048946957182797,
            -0.020489469571827967,
            0.0,
            0.0,
            0.0
        ],
        [
            -0.020489469571827967,
            0.06538547589758167,
            -0.02048946957182797,
            0.0,
            0.0,
            0.0
        ],
        [
            -0.02048946957182797,
            -0.020489469571827967,
            0.06538547589758167,
            0.0,
            0.0,
            0.0
        ],
        [
            0.0,
            0.0,
            0.0,
            0.1519983219385258,
            0.0,
            0.0
        ],
        [
            0.0,
            0.0,
            0.0,
            0.0,
            0.1519983219385258,
            0.0
        ],
        [
            0.0,
            0.0,
            0.0,
            0.0,
            0.0,
            0.1519983219385258
        ]
    ],
    "dij": [
        [
            0.0,
            0.0,
            0.0,
            13.401692045319821,
            0.0,
            0.0
        ],
        [
            0.0,
            0.0,
            0.0,
            0.0,
            13.401692045319821,
            0.0
        ],
        [
            0.0,
            0.0,
            0.0,
            0.0,
            0.0,
            13.401692045319821
        ]
    ],
    "poisson": [
        0.3133642340375745,
        0.3133642340375745,
        0.3133642340375745
    ]
}