{
    "Formula": "K3AsS3",
    "matID": "52520149",
    "Source": "jarvis",
    "Point Group": "23",
    "Space Group": "P2_13",
    "poscar": "K12 As4 S12\n1.0\n   9.5677132191497094    0.0000000000000000    0.0000000000000000\n   0.0000000000000000    9.5677132191497094   -0.0000000000000000\n   0.0000000000000000    0.0000000000000000    9.5677132191497094\nK As S\n12 4 12\ndirect\n   0.4404780229366080    0.4404780229366080    0.4404780229366080 K\n   0.0595219770633927    0.5595219770633928    0.9404780229366072 K\n   0.5595219770633928    0.9404780229366072    0.0595219770633927 K\n   0.9404780229366072    0.0595219770633927    0.5595219770633928 K\n   0.9364157089603623    0.9364157089603623    0.9364157089603623 K\n   0.5635842910396377    0.0635842910396373    0.4364157089603632 K\n   0.0635842910396373    0.4364157089603632    0.5635842910396377 K\n   0.4364157089603632    0.5635842910396377    0.0635842910396373 K\n   0.6726444674733427    0.6726444674733427    0.6726444674733427 K\n   0.8273555325266573    0.3273555325266607    0.1726444674733403 K\n   0.3273555325266607    0.1726444674733403    0.8273555325266573 K\n   0.1726444674733403    0.8273555325266573    0.3273555325266607 K\n   0.7278649341613169    0.2721350658386848    0.7721350658386831 As\n   0.7721350658386831    0.7278649341613169    0.2721350658386848 As\n   0.2721350658386848    0.7721350658386831    0.7278649341613169 As\n   0.2278649341613159    0.2278649341613159    0.2278649341613159 As\n   0.1559289097382716    0.4553456873966780    0.2444280203162356 S\n   0.3440710902617271    0.5446543126033236    0.7444280203162351 S\n   0.8440710902617259    0.9553456873966764    0.2555719796837631 S\n   0.6559289097382741    0.0446543126033237    0.7555719796837649 S\n   0.2444280203162356    0.1559289097382716    0.4553456873966780 S\n   0.7444280203162351    0.3440710902617271    0.5446543126033236 S\n   0.2555719796837631    0.8440710902617259    0.9553456873966764 S\n   0.7555719796837649    0.6559289097382741    0.0446543126033237 S\n   0.4553456873966780    0.2444280203162356    0.1559289097382716 S\n   0.5446543126033236    0.7444280203162351    0.3440710902617271 S\n   0.9553456873966764    0.2555719796837631    0.8440710902617259 S\n   0.0446543126033237    0.7555719796837649    0.6559289097382741 S\n",
    "cif": "# generated using pymatgen\ndata_K3AsS3\n_symmetry_space_group_name_H-M   'P 1'\n_cell_length_a   9.56771322\n_cell_length_b   9.56771322\n_cell_length_c   9.56771322\n_cell_angle_alpha   90.00000000\n_cell_angle_beta   90.00000000\n_cell_angle_gamma   90.00000000\n_symmetry_Int_Tables_number   1\n_chemical_formula_structural   K3AsS3\n_chemical_formula_sum   'K12 As4 S12'\n_cell_volume   875.83933934\n_cell_formula_units_Z   4\nloop_\n _symmetry_equiv_pos_site_id\n _symmetry_equiv_pos_as_xyz\n  1  'x, y, z'\nloop_\n _atom_site_type_symbol\n _atom_site_label\n _atom_site_symmetry_multiplicity\n _atom_site_fract_x\n _atom_site_fract_y\n _atom_site_fract_z\n _atom_site_occupancy\n  K  K0  1  0.44047802  0.44047802  0.44047802  1\n  K  K1  1  0.05952198  0.55952198  0.94047802  1\n  K  K2  1  0.55952198  0.94047802  0.05952198  1\n  K  K3  1  0.94047802  0.05952198  0.55952198  1\n  K  K4  1  0.93641571  0.93641571  0.93641571  1\n  K  K5  1  0.56358429  0.06358429  0.43641571  1\n  K  K6  1  0.06358429  0.43641571  0.56358429  1\n  K  K7  1  0.43641571  0.56358429  0.06358429  1\n  K  K8  1  0.67264447  0.67264447  0.67264447  1\n  K  K9  1  0.82735553  0.32735553  0.17264447  1\n  K  K10  1  0.32735553  0.17264447  0.82735553  1\n  K  K11  1  0.17264447  0.82735553  0.32735553  1\n  As  As12  1  0.72786493  0.27213507  0.77213507  1\n  As  As13  1  0.77213507  0.72786493  0.27213507  1\n  As  As14  1  0.27213507  0.77213507  0.72786493  1\n  As  As15  1  0.22786493  0.22786493  0.22786493  1\n  S  S16  1  0.15592891  0.45534569  0.24442802  1\n  S  S17  1  0.34407109  0.54465431  0.74442802  1\n  S  S18  1  0.84407109  0.95534569  0.25557198  1\n  S  S19  1  0.65592891  0.04465431  0.75557198  1\n  S  S20  1  0.24442802  0.15592891  0.45534569  1\n  S  S21  1  0.74442802  0.34407109  0.54465431  1\n  S  S22  1  0.25557198  0.84407109  0.95534569  1\n  S  S23  1  0.75557198  0.65592891  0.04465431  1\n  S  S24  1  0.45534569  0.24442802  0.15592891  1\n  S  S25  1  0.54465431  0.74442802  0.34407109  1\n  S  S26  1  0.95534569  0.25557198  0.84407109  1\n  S  S27  1  0.04465431  0.75557198  0.65592891  1\n",
    "abc": [
        9.56771,
        9.56771,
        9.56771
    ],
    "angles": [
        90.0,
        90.0,
        90.0
    ],
    "eij": [
        [
            -0.0,
            0.0,
            -0.0,
            -0.0472,
            0.0,
            0.0
        ],
        [
            -0.0,
            -0.0,
            0.0,
            0.0,
            -0.0472,
            0.0
        ],
        [
            0.0,
            -0.0,
            -0.0,
            0.0,
            0.0,
            -0.04721
        ]
    ],
    "Cij": [
        [
            25.33365,
            11.45289,
            11.45289,
            0.0,
            0.0,
            0.0
        ],
        [
            11.45289,
            25.33365,
            11.45289,
            0.0,
            0.0,
            0.0
        ],
        [
            11.45289,
            11.45289,
            25.33365,
            0.0,
            0.0,
            0.0
        ],
        [
            0.0,
            0.0,
            0.0,
            7.99799,
            0.0,
            0.0
        ],
        [
            0.0,
            0.0,
            0.0,
            0.0,
            7.99799,
            0.0
        ],
        [
            0.0,
            0.0,
            0.0,
            0.0,
            0.0,
            7.99799
        ]
    ],
    "Sij": [
        [
            0.0549380865094878,
            -0.01710407832874872,
            -0.017104078328748714,
            0.0,
            0.0,
            0.0
        ],
        [
            -0.017104078328748717,
            0.05493808650948782,
            -0.01710407832874872,
            0.0,
            0.0,
            0.0
        ],
        [
            -0.017104078328748717,
            -0.017104078328748717,
            0.05493808650948781,
            0.0,
            0.0,
            0.0
        ],
        [
            0.0,
            0.0,
            0.0,
            0.1250314141428034,
            0.0,
            0.0
        ],
        [
            0.0,
            0.0,
            0.0,
            0.0,
            0.1250314141428034,
            0.0
        ],
        [
            0.0,
            0.0,
            0.0,
            0.0,
            0.0,
            0.1250314141428034
        ]
    ],
    "dij": [
        [
            0.0,
            0.0,
            0.0,
            -5.90148274754032,
            0.0,
            0.0
        ],
        [
            0.0,
            0.0,
            0.0,
            0.0,
            -5.90148274754032,
            0.0
        ],
        [
            0.0,
            0.0,
            0.0,
            0.0,
            0.0,
            -5.902733061681748
        ]
    ],
    "poisson": [
        0.31133371064525234,
        0.3113337106452524,
        0.31133371064525234
    ]
}