{
    "Formula": "SbTeRh",
    "matID": "58359396",
    "Source": "mp",
    "Point Group": "23",
    "Space Group": "P2_13",
    "poscar": "Sb4 Te4 Rh4\n1.0\n   6.4750031774703380    0.0000000000000000    0.0000000000000000\n   0.0000000000000000    6.4750031774703380    0.0000000000000000\n   0.0000000000000000    0.0000000000000000    6.4750031774703380\nSb Te Rh\n4 4 4\ndirect\n   0.1274811515851297    0.8725188484148703    0.3725188484148703 Sb\n   0.8725188484148703    0.3725188484148703    0.1274811515851297 Sb\n   0.3725188484148703    0.1274811515851297    0.8725188484148703 Sb\n   0.6274811515851297    0.6274811515851297    0.6274811515851297 Sb\n   0.8729488083440842    0.1270511916559158    0.6270511916559158 Te\n   0.1270511916559158    0.6270511916559158    0.8729488083440842 Te\n   0.6270511916559158    0.8729488083440842    0.1270511916559158 Te\n   0.3729488083440842    0.3729488083440842    0.3729488083440842 Te\n   0.5017110584189268    0.4982889415810732    0.9982889415810732 Rh\n   0.4982889415810732    0.9982889415810732    0.5017110584189268 Rh\n   0.9982889415810732    0.5017110584189268    0.4982889415810732 Rh\n   0.0017110584189268    0.0017110584189268    0.0017110584189268 Rh\n",
    "cif": "# generated using pymatgen\ndata_SbTeRh\n_symmetry_space_group_name_H-M   'P 1'\n_cell_length_a   6.47500318\n_cell_length_b   6.47500318\n_cell_length_c   6.47500318\n_cell_angle_alpha   90.00000000\n_cell_angle_beta   90.00000000\n_cell_angle_gamma   90.00000000\n_symmetry_Int_Tables_number   1\n_chemical_formula_structural   SbTeRh\n_chemical_formula_sum   'Sb4 Te4 Rh4'\n_cell_volume   271.46882153\n_cell_formula_units_Z   4\nloop_\n _symmetry_equiv_pos_site_id\n _symmetry_equiv_pos_as_xyz\n  1  'x, y, z'\nloop_\n _atom_site_type_symbol\n _atom_site_label\n _atom_site_symmetry_multiplicity\n _atom_site_fract_x\n _atom_site_fract_y\n _atom_site_fract_z\n _atom_site_occupancy\n  Sb  Sb0  1  0.12748115  0.87251885  0.37251885  1\n  Sb  Sb1  1  0.87251885  0.37251885  0.12748115  1\n  Sb  Sb2  1  0.37251885  0.12748115  0.87251885  1\n  Sb  Sb3  1  0.62748115  0.62748115  0.62748115  1\n  Te  Te4  1  0.87294881  0.12705119  0.62705119  1\n  Te  Te5  1  0.12705119  0.62705119  0.87294881  1\n  Te  Te6  1  0.62705119  0.87294881  0.12705119  1\n  Te  Te7  1  0.37294881  0.37294881  0.37294881  1\n  Rh  Rh8  1  0.50171106  0.49828894  0.99828894  1\n  Rh  Rh9  1  0.49828894  0.99828894  0.50171106  1\n  Rh  Rh10  1  0.99828894  0.50171106  0.49828894  1\n  Rh  Rh11  1  0.00171106  0.00171106  0.00171106  1\n",
    "abc": [
        6.475,
        6.475,
        6.475
    ],
    "angles": [
        90.0,
        90.0,
        90.0
    ],
    "eij": [
        [
            0.0,
            -0.0,
            -0.0,
            0.22439,
            0.0,
            0.0
        ],
        [
            -0.0,
            0.0,
            -0.0,
            0.0,
            0.22439,
            0.0
        ],
        [
            -0.0,
            -0.0,
            0.0,
            0.0,
            0.0,
            0.22439
        ]
    ],
    "Cij": [
        [
            214.00297999999998,
            50.0888,
            50.0888,
            0.0,
            0.0,
            0.0
        ],
        [
            50.0888,
            214.00297999999998,
            50.0888,
            0.0,
            0.0,
            0.0
        ],
        [
            50.0888,
            50.0888,
            214.00297999999998,
            0.0,
            0.0,
            0.0
        ],
        [
            0.0,
            0.0,
            0.0,
            53.92616,
            0.0,
            0.0
        ],
        [
            0.0,
            0.0,
            0.0,
            0.0,
            53.92616,
            0.0
        ],
        [
            0.0,
            0.0,
            0.0,
            0.0,
            0.0,
            53.92616
        ]
    ],
    "Sij": [
        [
            0.0051281299415099945,
            -0.0009726235137432366,
            -0.0009726235137432369,
            0.0,
            0.0,
            0.0
        ],
        [
            -0.0009726235137432367,
            0.0051281299415099945,
            -0.0009726235137432367,
            0.0,
            0.0,
            0.0
        ],
        [
            -0.0009726235137432369,
            -0.0009726235137432367,
            0.005128129941509995,
            0.0,
            0.0,
            0.0
        ],
        [
            0.0,
            0.0,
            0.0,
            0.01854387555130942,
            0.0,
            0.0
        ],
        [
            0.0,
            0.0,
            0.0,
            0.0,
            0.01854387555130942,
            0.0
        ],
        [
            0.0,
            0.0,
            0.0,
            0.0,
            0.0,
            0.01854387555130942
        ]
    ],
    "dij": [
        [
            0.0,
            0.0,
            0.0,
            4.16106023495832,
            0.0,
            0.0
        ],
        [
            0.0,
            0.0,
            0.0,
            0.0,
            4.16106023495832,
            0.0
        ],
        [
            0.0,
            0.0,
            0.0,
            0.0,
            0.0,
            4.16106023495832
        ]
    ],
    "poisson": [
        0.18966436592611857,
        0.18966436592611854,
        0.18966436592611863
    ]
}