{
    "Formula": "SbTeIr",
    "matID": "59777646",
    "Source": "jarvis",
    "Point Group": "23",
    "Space Group": "P2_13",
    "poscar": "Sb4 Te4 Ir4\n1.0\n   6.4815453499622055    0.0000000000000000    0.0000000000000000\n   0.0000000000000000    6.4815453499622055    0.0000000000000000\n   0.0000000000000000   -0.0000000000000000    6.4815453499622055\nSb Te Ir\n4 4 4\ndirect\n   0.8725069112008522    0.3725069112008519    0.1274930887991480 Sb\n   0.3725069112008519    0.1274930887991480    0.8725069112008522 Sb\n   0.1274930887991480    0.8725069112008522    0.3725069112008519 Sb\n   0.6274930887991478    0.6274930887991478    0.6274930887991478 Sb\n   0.1258109959924597    0.6258109959924599    0.8741890040075401 Te\n   0.6258109959924599    0.8741890040075401    0.1258109959924597 Te\n   0.8741890040075401    0.1258109959924597    0.6258109959924599 Te\n   0.3741890040075401    0.3741890040075401    0.3741890040075401 Te\n   0.4981287606369214    0.9981287606369212    0.5018712393630788 Ir\n   0.9981287606369212    0.5018712393630788    0.4981287606369214 Ir\n   0.5018712393630788    0.4981287606369214    0.9981287606369212 Ir\n   0.0018712393630786    0.0018712393630786    0.0018712393630786 Ir\n",
    "cif": "# generated using pymatgen\ndata_SbTeIr\n_symmetry_space_group_name_H-M   'P 1'\n_cell_length_a   6.48154535\n_cell_length_b   6.48154535\n_cell_length_c   6.48154535\n_cell_angle_alpha   90.00000000\n_cell_angle_beta   90.00000000\n_cell_angle_gamma   90.00000000\n_symmetry_Int_Tables_number   1\n_chemical_formula_structural   SbTeIr\n_chemical_formula_sum   'Sb4 Te4 Ir4'\n_cell_volume   272.29250802\n_cell_formula_units_Z   4\nloop_\n _symmetry_equiv_pos_site_id\n _symmetry_equiv_pos_as_xyz\n  1  'x, y, z'\nloop_\n _atom_site_type_symbol\n _atom_site_label\n _atom_site_symmetry_multiplicity\n _atom_site_fract_x\n _atom_site_fract_y\n _atom_site_fract_z\n _atom_site_occupancy\n  Sb  Sb0  1  0.87250691  0.37250691  0.12749309  1\n  Sb  Sb1  1  0.37250691  0.12749309  0.87250691  1\n  Sb  Sb2  1  0.12749309  0.87250691  0.37250691  1\n  Sb  Sb3  1  0.62749309  0.62749309  0.62749309  1\n  Te  Te4  1  0.12581100  0.62581100  0.87418900  1\n  Te  Te5  1  0.62581100  0.87418900  0.12581100  1\n  Te  Te6  1  0.87418900  0.12581100  0.62581100  1\n  Te  Te7  1  0.37418900  0.37418900  0.37418900  1\n  Ir  Ir8  1  0.49812876  0.99812876  0.50187124  1\n  Ir  Ir9  1  0.99812876  0.50187124  0.49812876  1\n  Ir  Ir10  1  0.50187124  0.49812876  0.99812876  1\n  Ir  Ir11  1  0.00187124  0.00187124  0.00187124  1\n",
    "abc": [
        6.48155,
        6.48155,
        6.48155
    ],
    "angles": [
        90.0,
        90.0,
        90.0
    ],
    "eij": [
        [
            0.0,
            -0.0,
            -0.0,
            0.15986,
            0.0,
            0.0
        ],
        [
            -0.0,
            0.0,
            -0.0,
            0.0,
            0.15986,
            0.0
        ],
        [
            -0.0,
            -0.0,
            0.0,
            0.0,
            0.0,
            0.15986
        ]
    ],
    "Cij": [
        [
            252.62329,
            58.605129999999996,
            58.605129999999996,
            0.0,
            0.0,
            0.0
        ],
        [
            58.605129999999996,
            252.62329,
            58.605129999999996,
            0.0,
            0.0,
            0.0
        ],
        [
            58.605129999999996,
            58.605129999999996,
            252.62329,
            0.0,
            0.0,
            0.0
        ],
        [
            0.0,
            0.0,
            0.0,
            67.33808,
            0.0,
            0.0
        ],
        [
            0.0,
            0.0,
            0.0,
            0.0,
            67.33808,
            0.0
        ],
        [
            0.0,
            0.0,
            0.0,
            0.0,
            0.0,
            67.33808
        ]
    ],
    "Sij": [
        [
            0.004337410836089051,
            -0.0008167458675927074,
            -0.0008167458675927074,
            0.0,
            0.0,
            0.0
        ],
        [
            -0.0008167458675927073,
            0.004337410836089051,
            -0.0008167458675927074,
            0.0,
            0.0,
            0.0
        ],
        [
            -0.0008167458675927073,
            -0.0008167458675927074,
            0.004337410836089051,
            0.0,
            0.0,
            0.0
        ],
        [
            0.0,
            0.0,
            0.0,
            0.014850438266134108,
            0.0,
            0.0
        ],
        [
            0.0,
            0.0,
            0.0,
            0.0,
            0.014850438266134108,
            0.0
        ],
        [
            0.0,
            0.0,
            0.0,
            0.0,
            0.0,
            0.014850438266134108
        ]
    ],
    "dij": [
        [
            0.0,
            0.0,
            0.0,
            2.373991061224199,
            0.0,
            0.0
        ],
        [
            0.0,
            0.0,
            0.0,
            0.0,
            2.373991061224199,
            0.0
        ],
        [
            0.0,
            0.0,
            0.0,
            0.0,
            0.0,
            2.373991061224199
        ]
    ],
    "poisson": [
        0.18830262994619837,
        0.18830262994619837,
        0.18830262994619834
    ]
}