{
    "Formula": "BiIrS",
    "matID": "63657940",
    "Source": "jarvis",
    "Point Group": "23",
    "Space Group": "P2_13",
    "poscar": "Bi4 Ir4 S4\n1.0\n   6.2177604347881399    0.0000000000000000    0.0000000000000000\n  -0.0000000000000000    6.2177604347881399    0.0000000000000000\n   0.0000000000000000   -0.0000000000000000    6.2177604347881399\nBi Ir S\n4 4 4\ndirect\n   0.3699869302266587    0.3699869302266587    0.3699869302266587 Bi\n   0.1300130697733413    0.6300130697733414    0.8699869302266586 Bi\n   0.6300130697733414    0.8699869302266586    0.1300130697733413 Bi\n   0.8699869302266586    0.1300130697733413    0.6300130697733414 Bi\n   0.0237688304344227    0.0237688304344227    0.0237688304344227 Ir\n   0.4762311695655772    0.9762311695655775    0.5237688304344225 Ir\n   0.9762311695655775    0.5237688304344225    0.4762311695655772 Ir\n   0.5237688304344225    0.4762311695655772    0.9762311695655775 Ir\n   0.6178253777557230    0.6178253777557230    0.6178253777557230 S\n   0.8821746222442770    0.3821746222442770    0.1178253777557230 S\n   0.3821746222442770    0.1178253777557230    0.8821746222442770 S\n   0.1178253777557230    0.8821746222442770    0.3821746222442770 S\n",
    "cif": "# generated using pymatgen\ndata_BiIrS\n_symmetry_space_group_name_H-M   'P 1'\n_cell_length_a   6.21776043\n_cell_length_b   6.21776043\n_cell_length_c   6.21776043\n_cell_angle_alpha   90.00000000\n_cell_angle_beta   90.00000000\n_cell_angle_gamma   90.00000000\n_symmetry_Int_Tables_number   1\n_chemical_formula_structural   BiIrS\n_chemical_formula_sum   'Bi4 Ir4 S4'\n_cell_volume   240.38200600\n_cell_formula_units_Z   4\nloop_\n _symmetry_equiv_pos_site_id\n _symmetry_equiv_pos_as_xyz\n  1  'x, y, z'\nloop_\n _atom_site_type_symbol\n _atom_site_label\n _atom_site_symmetry_multiplicity\n _atom_site_fract_x\n _atom_site_fract_y\n _atom_site_fract_z\n _atom_site_occupancy\n  Bi  Bi0  1  0.36998693  0.36998693  0.36998693  1\n  Bi  Bi1  1  0.13001307  0.63001307  0.86998693  1\n  Bi  Bi2  1  0.63001307  0.86998693  0.13001307  1\n  Bi  Bi3  1  0.86998693  0.13001307  0.63001307  1\n  Ir  Ir4  1  0.02376883  0.02376883  0.02376883  1\n  Ir  Ir5  1  0.47623117  0.97623117  0.52376883  1\n  Ir  Ir6  1  0.97623117  0.52376883  0.47623117  1\n  Ir  Ir7  1  0.52376883  0.47623117  0.97623117  1\n  S  S8  1  0.61782538  0.61782538  0.61782538  1\n  S  S9  1  0.88217462  0.38217462  0.11782538  1\n  S  S10  1  0.38217462  0.11782538  0.88217462  1\n  S  S11  1  0.11782538  0.88217462  0.38217462  1\n",
    "abc": [
        6.21776,
        6.21776,
        6.21776
    ],
    "angles": [
        90.0,
        90.0,
        90.0
    ],
    "eij": [
        [
            0.0,
            0.0,
            0.0,
            0.01536,
            0.0,
            0.0
        ],
        [
            0.0,
            0.0,
            0.0,
            0.0,
            0.01536,
            0.0
        ],
        [
            0.0,
            0.0,
            0.0,
            0.0,
            0.0,
            0.01536
        ]
    ],
    "Cij": [
        [
            247.07426999999998,
            66.38516,
            66.38516,
            0.0,
            0.0,
            0.0
        ],
        [
            66.38516,
            247.07426999999998,
            66.38516,
            0.0,
            0.0,
            0.0
        ],
        [
            66.38516,
            66.38516,
            247.07426999999998,
            0.0,
            0.0,
            0.0
        ],
        [
            0.0,
            0.0,
            0.0,
            61.73776,
            0.0,
            0.0
        ],
        [
            0.0,
            0.0,
            0.0,
            0.0,
            61.73776,
            0.0
        ],
        [
            0.0,
            0.0,
            0.0,
            0.0,
            0.0,
            61.73776
        ]
    ],
    "Sij": [
        [
            0.004567130440212561,
            -0.0009672374029850732,
            -0.000967237402985073,
            0.0,
            0.0,
            0.0
        ],
        [
            -0.0009672374029850734,
            0.004567130440212562,
            -0.0009672374029850732,
            0.0,
            0.0,
            0.0
        ],
        [
            -0.0009672374029850732,
            -0.0009672374029850732,
            0.004567130440212561,
            0.0,
            0.0,
            0.0
        ],
        [
            0.0,
            0.0,
            0.0,
            0.01619754263841124,
            0.0,
            0.0
        ],
        [
            0.0,
            0.0,
            0.0,
            0.0,
            0.01619754263841124,
            0.0
        ],
        [
            0.0,
            0.0,
            0.0,
            0.0,
            0.0,
            0.01619754263841124
        ]
    ],
    "dij": [
        [
            0.0,
            0.0,
            0.0,
            0.24879425492599663,
            0.0,
            0.0
        ],
        [
            0.0,
            0.0,
            0.0,
            0.0,
            0.24879425492599663,
            0.0
        ],
        [
            0.0,
            0.0,
            0.0,
            0.0,
            0.0,
            0.24879425492599663
        ]
    ],
    "poisson": [
        0.21178230305593296,
        0.21178230305593299,
        0.21178230305593299
    ]
}