{
    "Formula": "Cs3SbSe3",
    "matID": "65449541",
    "Source": "mp",
    "Point Group": "23",
    "Space Group": "P2_13",
    "poscar": "Cs12 Sb4 Se12\n1.0\n  10.8617057652878461   -0.0000000000000000   -0.0000000000000000\n   0.0000000000000000   10.8617057652878461    0.0000000000000000\n  -0.0000000000000000   -0.0000000000000000   10.8617057652878461\nCs Sb Se\n12 4 12\ndirect\n   0.1857875337539523    0.6857875337539463    0.8142124662460537 Cs\n   0.6857875337539463    0.8142124662460537    0.1857875337539523 Cs\n   0.8142124662460537    0.1857875337539523    0.6857875337539463 Cs\n   0.3142124662460450    0.3142124662460450    0.3142124662460450 Cs\n   0.9230174451309359    0.4230174451309324    0.0769825548690689 Cs\n   0.4230174451309324    0.0769825548690689    0.9230174451309359 Cs\n   0.0769825548690689    0.9230174451309359    0.4230174451309324 Cs\n   0.5769825548690641    0.5769825548690641    0.5769825548690641 Cs\n   0.6897589122534277    0.1897589122534292    0.3102410877465699 Cs\n   0.1897589122534292    0.3102410877465699    0.6897589122534277 Cs\n   0.3102410877465699    0.6897589122534277    0.1897589122534292 Cs\n   0.8102410877465723    0.8102410877465723    0.8102410877465723 Cs\n   0.4761922750523409    0.9761922750523406    0.5238077249476594 Sb\n   0.9761922750523406    0.5238077249476594    0.4761922750523409 Sb\n   0.5238077249476594    0.4761922750523409    0.9761922750523406 Sb\n   0.0238077249476587    0.0238077249476587    0.0238077249476587 Sb\n   0.0061008063453096    0.7958530786635448    0.0950929425674976 Se\n   0.9049070574325019    0.5061008063453063    0.7041469213364552 Se\n   0.2958530786635418    0.4049070574325046    0.9938991936546937 Se\n   0.5061008063453063    0.7041469213364552    0.9049070574325019 Se\n   0.4049070574325046    0.9938991936546937    0.2958530786635418 Se\n   0.7958530786635448    0.0950929425674973    0.0061008063453096 Se\n   0.9938991936546937    0.2958530786635418    0.4049070574325046 Se\n   0.0950929425674976    0.0061008063453096    0.7958530786635448 Se\n   0.7041469213364552    0.9049070574325019    0.5061008063453063 Se\n   0.4938991936546855    0.2041469213364551    0.5950929425674981 Se\n   0.5950929425674981    0.4938991936546855    0.2041469213364551 Se\n   0.2041469213364551    0.5950929425674981    0.4938991936546855 Se\n",
    "cif": "# generated using pymatgen\ndata_Cs3SbSe3\n_symmetry_space_group_name_H-M   'P 1'\n_cell_length_a   10.86170577\n_cell_length_b   10.86170577\n_cell_length_c   10.86170577\n_cell_angle_alpha   90.00000000\n_cell_angle_beta   90.00000000\n_cell_angle_gamma   90.00000000\n_symmetry_Int_Tables_number   1\n_chemical_formula_structural   Cs3SbSe3\n_chemical_formula_sum   'Cs12 Sb4 Se12'\n_cell_volume   1281.42768263\n_cell_formula_units_Z   4\nloop_\n _symmetry_equiv_pos_site_id\n _symmetry_equiv_pos_as_xyz\n  1  'x, y, z'\nloop_\n _atom_site_type_symbol\n _atom_site_label\n _atom_site_symmetry_multiplicity\n _atom_site_fract_x\n _atom_site_fract_y\n _atom_site_fract_z\n _atom_site_occupancy\n  Cs  Cs0  1  0.18578753  0.68578753  0.81421247  1\n  Cs  Cs1  1  0.68578753  0.81421247  0.18578753  1\n  Cs  Cs2  1  0.81421247  0.18578753  0.68578753  1\n  Cs  Cs3  1  0.31421247  0.31421247  0.31421247  1\n  Cs  Cs4  1  0.92301745  0.42301745  0.07698255  1\n  Cs  Cs5  1  0.42301745  0.07698255  0.92301745  1\n  Cs  Cs6  1  0.07698255  0.92301745  0.42301745  1\n  Cs  Cs7  1  0.57698255  0.57698255  0.57698255  1\n  Cs  Cs8  1  0.68975891  0.18975891  0.31024109  1\n  Cs  Cs9  1  0.18975891  0.31024109  0.68975891  1\n  Cs  Cs10  1  0.31024109  0.68975891  0.18975891  1\n  Cs  Cs11  1  0.81024109  0.81024109  0.81024109  1\n  Sb  Sb12  1  0.47619228  0.97619228  0.52380772  1\n  Sb  Sb13  1  0.97619228  0.52380772  0.47619228  1\n  Sb  Sb14  1  0.52380772  0.47619228  0.97619228  1\n  Sb  Sb15  1  0.02380772  0.02380772  0.02380772  1\n  Se  Se16  1  0.00610081  0.79585308  0.09509294  1\n  Se  Se17  1  0.90490706  0.50610081  0.70414692  1\n  Se  Se18  1  0.29585308  0.40490706  0.99389919  1\n  Se  Se19  1  0.50610081  0.70414692  0.90490706  1\n  Se  Se20  1  0.40490706  0.99389919  0.29585308  1\n  Se  Se21  1  0.79585308  0.09509294  0.00610081  1\n  Se  Se22  1  0.99389919  0.29585308  0.40490706  1\n  Se  Se23  1  0.09509294  0.00610081  0.79585308  1\n  Se  Se24  1  0.70414692  0.90490706  0.50610081  1\n  Se  Se25  1  0.49389919  0.20414692  0.59509294  1\n  Se  Se26  1  0.59509294  0.49389919  0.20414692  1\n  Se  Se27  1  0.20414692  0.59509294  0.49389919  1\n",
    "abc": [
        10.86171,
        10.86171,
        10.86171
    ],
    "angles": [
        90.0,
        90.0,
        90.0
    ],
    "eij": [
        [
            -0.0,
            -0.0,
            0.0,
            0.03994,
            0.0,
            0.0
        ],
        [
            0.0,
            -0.0,
            -0.0,
            0.0,
            0.03994,
            0.0
        ],
        [
            -0.0,
            0.0,
            -0.0,
            0.0,
            0.0,
            0.03994
        ]
    ],
    "Cij": [
        [
            15.462370000000002,
            7.559010000000001,
            7.559010000000001,
            0.0,
            0.0,
            0.0
        ],
        [
            7.559010000000001,
            15.462370000000002,
            7.559010000000001,
            0.0,
            0.0,
            0.0
        ],
        [
            7.559010000000001,
            7.559010000000001,
            15.462370000000002,
            0.0,
            0.0,
            0.0
        ],
        [
            0.0,
            0.0,
            0.0,
            4.318099999999999,
            0.0,
            0.0
        ],
        [
            0.0,
            0.0,
            0.0,
            0.0,
            4.318099999999999,
            0.0
        ],
        [
            0.0,
            0.0,
            0.0,
            0.0,
            0.0,
            4.318099999999999
        ]
    ],
    "Sij": [
        [
            0.09525254082603819,
            -0.03127592301718797,
            -0.03127592301718797,
            0.0,
            0.0,
            0.0
        ],
        [
            -0.03127592301718797,
            0.09525254082603818,
            -0.03127592301718798,
            0.0,
            0.0,
            0.0
        ],
        [
            -0.03127592301718798,
            -0.03127592301718798,
            0.09525254082603818,
            0.0,
            0.0,
            0.0
        ],
        [
            0.0,
            0.0,
            0.0,
            0.2315833352631945,
            0.0,
            0.0
        ],
        [
            0.0,
            0.0,
            0.0,
            0.0,
            0.2315833352631945,
            0.0
        ],
        [
            0.0,
            0.0,
            0.0,
            0.0,
            0.0,
            0.2315833352631945
        ]
    ],
    "dij": [
        [
            0.0,
            0.0,
            0.0,
            9.24943841041199,
            0.0,
            0.0
        ],
        [
            0.0,
            0.0,
            0.0,
            0.0,
            9.24943841041199,
            0.0
        ],
        [
            0.0,
            0.0,
            0.0,
            0.0,
            0.0,
            9.24943841041199
        ]
    ],
    "poisson": [
        0.3283473883841889,
        0.32834738838418903,
        0.328347388384189
    ]
}