{
    "Formula": "In3Sb5O2",
    "matID": "66792705",
    "Source": "jarvis",
    "Point Group": "3m",
    "Space Group": "R3m",
    "poscar": "In6 Sb10 O24\n1.0\n   7.5795243437037039    4.3760404201666558    3.0943187867045339\n  -7.5795243437037030    4.3760404201666558    3.0943187867045339\n  -0.0000000000000003   -8.7520808403333117    3.0943187867045348\nIn Sb O\n6 10 24\ndirect\n   0.2477227399135609    0.7477137837688885    0.4977194386551901 In\n   0.2477227399135538    0.4977194386551901    0.7477137837688885 In\n   0.4977194386551901    0.7477137837688885    0.2477227399135609 In\n   0.7477137837688885    0.2477227399135609    0.4977194386551901 In\n   0.7477137837688885    0.4977194386551901    0.2477227399135538 In\n   0.4977194386551901    0.2477227399135609    0.7477137837688885 In\n   0.5139739573000309    0.5139739573000309    0.5139739573000309 Sb\n   0.2810411198871373    0.9977071399772647    0.2810411198871373 Sb\n   0.9977177665001050    0.9977177665001050    0.4814600796436399 Sb\n   0.9977177665001050    0.4814600796436399    0.9977177665001050 Sb\n   0.9977224151078655    0.7144031362597012    0.7144031362597012 Sb\n   0.7144031362597012    0.7144031362597012    0.9977224151078655 Sb\n   0.7144031362597012    0.9977224151078655    0.7144031362597012 Sb\n   0.9977071399772647    0.2810411198871373    0.2810411198871373 Sb\n   0.4814600796436399    0.9977177665001050    0.9977177665001050 Sb\n   0.2810411198871373    0.2810411198871373    0.9977071399772647 Sb\n   0.7015821070932151    0.7015821070932151    0.2056102754156546 O\n   0.2938612172046423    0.5017501917657714    0.9977131886857717 O\n   0.5017501917657714    0.9977131886857717    0.2938612172046423 O\n   0.2056102754156546    0.7015821070932151    0.7015821070932151 O\n   0.5208142786893606    0.9977199550099644    0.7947975065311268 O\n   0.7898267300514916    0.4936982531399419    0.4936982531399419 O\n   0.9977199550099644    0.7947975065311268    0.5208142786893606 O\n   0.7947975065311268    0.5208142786893606    0.9977199550099644 O\n   0.7947975065311268    0.9977199550099644    0.5208142786893606 O\n   0.9977199550099644    0.5208142786893606    0.7947975065311268 O\n   0.5208142786893606    0.7947975065311268    0.9977199550099644 O\n   0.7237263527888644    0.2006552707601166    0.2006552707601166 O\n   0.2006552707601166    0.2006552707601166    0.7237263527888644 O\n   0.4936982531399419    0.7898267300514916    0.4936982531399419 O\n   0.2006552707601166    0.7237263527888644    0.2006552707601166 O\n   0.4746279661173841    0.4746279661173841    0.2716981997514493 O\n   0.4746279661173841    0.2716981997514493    0.4746279661173841 O\n   0.5017501917657714    0.2938612172046423    0.9977131886857717 O\n   0.2938612172046423    0.9977131886857717    0.5017501917657714 O\n   0.9977131886857717    0.5017501917657714    0.2938612172046423 O\n   0.9977131886857717    0.2938612172046423    0.5017501917657714 O\n   0.4936982531399419    0.4936982531399419    0.7898267300514916 O\n   0.2716981997514493    0.4746279661173841    0.4746279661173841 O\n   0.7015821070932151    0.2056102754156546    0.7015821070932151 O\n",
    "cif": "# generated using pymatgen\ndata_In3Sb5O12\n_symmetry_space_group_name_H-M   'P 1'\n_cell_length_a   9.28298054\n_cell_length_b   9.28298054\n_cell_length_c   9.28298054\n_cell_angle_alpha   109.47127341\n_cell_angle_beta   109.47127341\n_cell_angle_gamma   109.47127341\n_symmetry_Int_Tables_number   1\n_chemical_formula_structural   In3Sb5O12\n_chemical_formula_sum   'In6 Sb10 O24'\n_cell_volume   615.79985373\n_cell_formula_units_Z   2\nloop_\n _symmetry_equiv_pos_site_id\n _symmetry_equiv_pos_as_xyz\n  1  'x, y, z'\nloop_\n _atom_site_type_symbol\n _atom_site_label\n _atom_site_symmetry_multiplicity\n _atom_site_fract_x\n _atom_site_fract_y\n _atom_site_fract_z\n _atom_site_occupancy\n  In  In0  1  0.24772274  0.74771378  0.49771944  1\n  In  In1  1  0.24772274  0.49771944  0.74771378  1\n  In  In2  1  0.49771944  0.74771378  0.24772274  1\n  In  In3  1  0.74771378  0.24772274  0.49771944  1\n  In  In4  1  0.74771378  0.49771944  0.24772274  1\n  In  In5  1  0.49771944  0.24772274  0.74771378  1\n  Sb  Sb6  1  0.51397396  0.51397396  0.51397396  1\n  Sb  Sb7  1  0.28104112  0.99770714  0.28104112  1\n  Sb  Sb8  1  0.99771777  0.99771777  0.48146008  1\n  Sb  Sb9  1  0.99771777  0.48146008  0.99771777  1\n  Sb  Sb10  1  0.99772242  0.71440314  0.71440314  1\n  Sb  Sb11  1  0.71440314  0.71440314  0.99772242  1\n  Sb  Sb12  1  0.71440314  0.99772242  0.71440314  1\n  Sb  Sb13  1  0.99770714  0.28104112  0.28104112  1\n  Sb  Sb14  1  0.48146008  0.99771777  0.99771777  1\n  Sb  Sb15  1  0.28104112  0.28104112  0.99770714  1\n  O  O16  1  0.70158211  0.70158211  0.20561028  1\n  O  O17  1  0.29386122  0.50175019  0.99771319  1\n  O  O18  1  0.50175019  0.99771319  0.29386122  1\n  O  O19  1  0.20561028  0.70158211  0.70158211  1\n  O  O20  1  0.52081428  0.99771996  0.79479751  1\n  O  O21  1  0.78982673  0.49369825  0.49369825  1\n  O  O22  1  0.99771996  0.79479751  0.52081428  1\n  O  O23  1  0.79479751  0.52081428  0.99771996  1\n  O  O24  1  0.79479751  0.99771996  0.52081428  1\n  O  O25  1  0.99771996  0.52081428  0.79479751  1\n  O  O26  1  0.52081428  0.79479751  0.99771996  1\n  O  O27  1  0.72372635  0.20065527  0.20065527  1\n  O  O28  1  0.20065527  0.20065527  0.72372635  1\n  O  O29  1  0.49369825  0.78982673  0.49369825  1\n  O  O30  1  0.20065527  0.72372635  0.20065527  1\n  O  O31  1  0.47462797  0.47462797  0.27169820  1\n  O  O32  1  0.47462797  0.27169820  0.47462797  1\n  O  O33  1  0.50175019  0.29386122  0.99771319  1\n  O  O34  1  0.29386122  0.99771319  0.50175019  1\n  O  O35  1  0.99771319  0.50175019  0.29386122  1\n  O  O36  1  0.99771319  0.29386122  0.50175019  1\n  O  O37  1  0.49369825  0.49369825  0.78982673  1\n  O  O38  1  0.27169820  0.47462797  0.47462797  1\n  O  O39  1  0.70158211  0.20561028  0.70158211  1\n",
    "abc": [
        9.28298,
        9.28298,
        9.28298
    ],
    "angles": [
        109.47127,
        109.47127,
        109.47127
    ],
    "eij": [
        [
            0.0,
            0.0,
            0.0,
            0.0,
            0.41358,
            0.58557
        ],
        [
            0.58555,
            -0.58558,
            -0.0,
            0.41414,
            0.0,
            0.0
        ],
        [
            0.41386,
            0.41386,
            -0.83106,
            0.0,
            0.0,
            0.0
        ]
    ],
    "Cij": [
        [
            108.72389000000001,
            46.78891,
            54.99711,
            -12.20533,
            0.0,
            0.0
        ],
        [
            46.78891,
            108.72389000000001,
            54.99711,
            12.20533,
            0.0,
            0.0
        ],
        [
            54.99711,
            54.99711,
            99.85507,
            0.0,
            0.0,
            0.0
        ],
        [
            -12.20533,
            12.20533,
            0.0,
            39.3853,
            0.0,
            0.0
        ],
        [
            0.0,
            0.0,
            0.0,
            0.0,
            39.38536,
            -12.20535
        ],
        [
            0.0,
            0.0,
            0.0,
            0.0,
            -12.20535,
            30.967489999999998
        ]
    ],
    "Sij": [
        [
            0.014463173514207776,
            -0.003929246368904833,
            -0.005801763995981497,
            0.005699729446568919,
            0.0,
            0.0
        ],
        [
            -0.003929246368904834,
            0.014463173514207776,
            -0.005801763995981496,
            -0.005699729446568919,
            0.0,
            0.0
        ],
        [
            -0.005801763995981496,
            -0.005801763995981497,
            0.016405381372844342,
            4.214317624303561e-19,
            0.0,
            0.0
        ],
        [
            0.005699729446568918,
            -0.005699729446568918,
            0.0,
            0.028922825460569856,
            0.0,
            0.0
        ],
        [
            0.0,
            0.0,
            0.0,
            0.0,
            0.028922788457020447,
            0.011399462988246529
        ],
        [
            0.0,
            0.0,
            0.0,
            0.0,
            0.011399462988246529,
            0.03678484874245846
        ]
    ],
    "dij": [
        [
            0.0,
            0.0,
            0.0,
            0.0,
            18.637070392082038,
            26.254693780800398
        ],
        [
            13.130285292949706,
            -13.130601310764066,
            0.00017405291987815374,
            18.653223083000658,
            0.0,
            0.0
        ],
        [
            9.181185074855458,
            9.18118507485546,
            -18.436092338469823,
            -3.5023508048537176e-16,
            0.0,
            0.0
        ]
    ],
    "poisson": [
        0.2716724904838465,
        0.35365005324320564,
        0.40114045442946406
    ]
}