{
    "Formula": "SbIrS",
    "matID": "67476114",
    "Source": "jarvis",
    "Point Group": "23",
    "Space Group": "P2_13",
    "poscar": "Sb4 Ir4 S4\n1.0\n   6.0999225350780142   -0.0000000000000000    0.0000000000000000\n  -0.0000000000000000    6.0999225350780142   -0.0000000000000000\n   0.0000000000000000    0.0000000000000000    6.0999225350780142\nSb Ir S\n4 4 4\ndirect\n   0.3767647831756720    0.3767647831756720    0.3767647831756720 Sb\n   0.1232352168243280    0.6232352168243281    0.8767647831756719 Sb\n   0.8767647831756719    0.1232352168243280    0.6232352168243281 Sb\n   0.6232352168243281    0.8767647831756719    0.1232352168243280 Sb\n   0.9864948944508234    0.5135051055491766    0.4864948944508234 Ir\n   0.5135051055491766    0.4864948944508234    0.9864948944508234 Ir\n   0.4864948944508234    0.9864948944508234    0.5135051055491766 Ir\n   0.0135051055491766    0.0135051055491766    0.0135051055491766 Ir\n   0.3832137410543136    0.1167862589456864    0.8832137410543136 S\n   0.1167862589456864    0.8832137410543136    0.3832137410543136 S\n   0.8832137410543136    0.3832137410543136    0.1167862589456864 S\n   0.6167862589456864    0.6167862589456864    0.6167862589456864 S\n",
    "cif": "# generated using pymatgen\ndata_SbIrS\n_symmetry_space_group_name_H-M   'P 1'\n_cell_length_a   6.09992254\n_cell_length_b   6.09992254\n_cell_length_c   6.09992254\n_cell_angle_alpha   90.00000000\n_cell_angle_beta   90.00000000\n_cell_angle_gamma   90.00000000\n_symmetry_Int_Tables_number   1\n_chemical_formula_structural   SbIrS\n_chemical_formula_sum   'Sb4 Ir4 S4'\n_cell_volume   226.97235270\n_cell_formula_units_Z   4\nloop_\n _symmetry_equiv_pos_site_id\n _symmetry_equiv_pos_as_xyz\n  1  'x, y, z'\nloop_\n _atom_site_type_symbol\n _atom_site_label\n _atom_site_symmetry_multiplicity\n _atom_site_fract_x\n _atom_site_fract_y\n _atom_site_fract_z\n _atom_site_occupancy\n  Sb  Sb0  1  0.37676478  0.37676478  0.37676478  1\n  Sb  Sb1  1  0.12323522  0.62323522  0.87676478  1\n  Sb  Sb2  1  0.87676478  0.12323522  0.62323522  1\n  Sb  Sb3  1  0.62323522  0.87676478  0.12323522  1\n  Ir  Ir4  1  0.98649489  0.51350511  0.48649489  1\n  Ir  Ir5  1  0.51350511  0.48649489  0.98649489  1\n  Ir  Ir6  1  0.48649489  0.98649489  0.51350511  1\n  Ir  Ir7  1  0.01350511  0.01350511  0.01350511  1\n  S  S8  1  0.38321374  0.11678626  0.88321374  1\n  S  S9  1  0.11678626  0.88321374  0.38321374  1\n  S  S10  1  0.88321374  0.38321374  0.11678626  1\n  S  S11  1  0.61678626  0.61678626  0.61678626  1\n",
    "abc": [
        6.09992,
        6.09992,
        6.09992
    ],
    "angles": [
        90.0,
        90.0,
        90.0
    ],
    "eij": [
        [
            0.0,
            -0.0,
            -0.0,
            -0.00869,
            0.0,
            0.0
        ],
        [
            -0.0,
            0.0,
            -0.0,
            0.0,
            -0.00869,
            0.0
        ],
        [
            -0.0,
            -0.0,
            0.0,
            0.0,
            0.0,
            -0.00869
        ]
    ],
    "Cij": [
        [
            288.57212,
            65.18628,
            65.18628,
            0.0,
            0.0,
            0.0
        ],
        [
            65.18628,
            288.57212,
            65.18628,
            0.0,
            0.0,
            0.0
        ],
        [
            65.18628,
            65.18628,
            288.57212,
            0.0,
            0.0,
            0.0
        ],
        [
            0.0,
            0.0,
            0.0,
            73.89592,
            0.0,
            0.0
        ],
        [
            0.0,
            0.0,
            0.0,
            0.0,
            73.89592,
            0.0
        ],
        [
            0.0,
            0.0,
            0.0,
            0.0,
            0.0,
            73.89592
        ]
    ],
    "Sij": [
        [
            0.0037800229842897444,
            -0.0006965364968304553,
            -0.0006965364968304551,
            0.0,
            0.0,
            0.0
        ],
        [
            -0.0006965364968304553,
            0.0037800229842897453,
            -0.0006965364968304552,
            0.0,
            0.0,
            0.0
        ],
        [
            -0.0006965364968304551,
            -0.0006965364968304552,
            0.0037800229842897444,
            0.0,
            0.0,
            0.0
        ],
        [
            0.0,
            0.0,
            0.0,
            0.01353254685779675,
            0.0,
            0.0
        ],
        [
            0.0,
            0.0,
            0.0,
            0.0,
            0.01353254685779675,
            0.0
        ],
        [
            0.0,
            0.0,
            0.0,
            0.0,
            0.0,
            0.01353254685779675
        ]
    ],
    "dij": [
        [
            0.0,
            0.0,
            0.0,
            -0.11759783219425375,
            0.0,
            0.0
        ],
        [
            0.0,
            0.0,
            0.0,
            0.0,
            -0.11759783219425375,
            0.0
        ],
        [
            0.0,
            0.0,
            0.0,
            0.0,
            0.0,
            -0.11759783219425375
        ]
    ],
    "poisson": [
        0.18426779406510208,
        0.18426779406510208,
        0.18426779406510205
    ]
}