{
    "Formula": "SnPtS",
    "matID": "70686941",
    "Source": "mp",
    "Point Group": "23",
    "Space Group": "P2_13",
    "poscar": "Sn4 Pt4 S4\n1.0\n   6.1951843586707271    0.0000000000000000   -0.0000000000000000\n  -0.0000000000000000    6.1951843586707271   -0.0000000000000000\n  -0.0000000000000000   -0.0000000000000000    6.1951843586707271\nSn Pt S\n4 4 4\ndirect\n   0.1203902666412577    0.6203902666412578    0.8796097333587422 Sn\n   0.6203902666412578    0.8796097333587422    0.1203902666412577 Sn\n   0.8796097333587422    0.1203902666412577    0.6203902666412578 Sn\n   0.3796097333587423    0.3796097333587423    0.3796097333587423 Sn\n   0.4881216224465065    0.9881216224465066    0.5118783775534934 Pt\n   0.9881216224465066    0.5118783775534934    0.4881216224465065 Pt\n   0.5118783775534934    0.4881216224465065    0.9881216224465066 Pt\n   0.0118783775534935    0.0118783775534935    0.0118783775534935 Pt\n   0.8808820199249251    0.3808820199249252    0.1191179800750749 S\n   0.3808820199249252    0.1191179800750749    0.8808820199249251 S\n   0.1191179800750749    0.8808820199249251    0.3808820199249252 S\n   0.6191179800750749    0.6191179800750749    0.6191179800750749 S\n",
    "cif": "# generated using pymatgen\ndata_SnPtS\n_symmetry_space_group_name_H-M   'P 1'\n_cell_length_a   6.19518436\n_cell_length_b   6.19518436\n_cell_length_c   6.19518436\n_cell_angle_alpha   90.00000000\n_cell_angle_beta   90.00000000\n_cell_angle_gamma   90.00000000\n_symmetry_Int_Tables_number   1\n_chemical_formula_structural   SnPtS\n_chemical_formula_sum   'Sn4 Pt4 S4'\n_cell_volume   237.77309147\n_cell_formula_units_Z   4\nloop_\n _symmetry_equiv_pos_site_id\n _symmetry_equiv_pos_as_xyz\n  1  'x, y, z'\nloop_\n _atom_site_type_symbol\n _atom_site_label\n _atom_site_symmetry_multiplicity\n _atom_site_fract_x\n _atom_site_fract_y\n _atom_site_fract_z\n _atom_site_occupancy\n  Sn  Sn0  1  0.12039027  0.62039027  0.87960973  1\n  Sn  Sn1  1  0.62039027  0.87960973  0.12039027  1\n  Sn  Sn2  1  0.87960973  0.12039027  0.62039027  1\n  Sn  Sn3  1  0.37960973  0.37960973  0.37960973  1\n  Pt  Pt4  1  0.48812162  0.98812162  0.51187838  1\n  Pt  Pt5  1  0.98812162  0.51187838  0.48812162  1\n  Pt  Pt6  1  0.51187838  0.48812162  0.98812162  1\n  Pt  Pt7  1  0.01187838  0.01187838  0.01187838  1\n  S  S8  1  0.88088202  0.38088202  0.11911798  1\n  S  S9  1  0.38088202  0.11911798  0.88088202  1\n  S  S10  1  0.11911798  0.88088202  0.38088202  1\n  S  S11  1  0.61911798  0.61911798  0.61911798  1\n",
    "abc": [
        6.19518,
        6.19518,
        6.19518
    ],
    "angles": [
        90.0,
        90.0,
        90.0
    ],
    "eij": [
        [
            0.0,
            -0.0,
            -0.0,
            -0.03415,
            0.0,
            0.0
        ],
        [
            -0.0,
            0.0,
            -0.0,
            0.0,
            -0.03415,
            0.0
        ],
        [
            -0.0,
            -0.0,
            0.0,
            0.0,
            0.0,
            -0.03415
        ]
    ],
    "Cij": [
        [
            209.29725,
            64.37626,
            64.37626,
            0.0,
            0.0,
            0.0
        ],
        [
            64.37626,
            209.29725,
            64.37626,
            0.0,
            0.0,
            0.0
        ],
        [
            64.37626,
            64.37626,
            209.29725,
            0.0,
            0.0,
            0.0
        ],
        [
            0.0,
            0.0,
            0.0,
            51.09858,
            0.0,
            0.0
        ],
        [
            0.0,
            0.0,
            0.0,
            0.0,
            51.09858,
            0.0
        ],
        [
            0.0,
            0.0,
            0.0,
            0.0,
            0.0,
            51.09858
        ]
    ],
    "Sij": [
        [
            0.005586255886547084,
            -0.0013140557936311983,
            -0.0013140557936311983,
            0.0,
            0.0,
            0.0
        ],
        [
            -0.001314055793631198,
            0.005586255886547085,
            -0.001314055793631198,
            0.0,
            0.0,
            0.0
        ],
        [
            -0.0013140557936311978,
            -0.001314055793631198,
            0.005586255886547084,
            0.0,
            0.0,
            0.0
        ],
        [
            0.0,
            0.0,
            0.0,
            0.019570015448570195,
            0.0,
            0.0
        ],
        [
            0.0,
            0.0,
            0.0,
            0.0,
            0.019570015448570195,
            0.0
        ],
        [
            0.0,
            0.0,
            0.0,
            0.0,
            0.0,
            0.019570015448570195
        ]
    ],
    "dij": [
        [
            0.0,
            0.0,
            0.0,
            -0.6683160275686721,
            0.0,
            0.0
        ],
        [
            0.0,
            0.0,
            0.0,
            0.0,
            -0.6683160275686721,
            0.0
        ],
        [
            0.0,
            0.0,
            0.0,
            0.0,
            0.0,
            -0.6683160275686721
        ]
    ],
    "poisson": [
        0.23523014704638387,
        0.23523014704638387,
        0.23523014704638381
    ]
}