{
    "Formula": "Cs3BiO3",
    "matID": "73175354",
    "Source": "mp",
    "Point Group": "23",
    "Space Group": "P2_13",
    "poscar": "Cs12 Bi4 O12\n1.0\n   9.4506640689310366    0.0000000000000000   -0.0000000000000000\n   0.0000000000000000    9.4506640689310366   -0.0000000000000000\n  -0.0000000000000000   -0.0000000000000000    9.4506640689310366\nCs Bi O\n12 4 12\ndirect\n   0.0267398774899541    0.0267398774899541    0.0267398774899541 Cs\n   0.4732601225100456    0.9732601225100446    0.5267398774899554 Cs\n   0.5267398774899554    0.4732601225100456    0.9732601225100446 Cs\n   0.9732601225100446    0.5267398774899554    0.4732601225100456 Cs\n   0.9692832129327238    0.4692832129327235    0.0307167870672760 Cs\n   0.5307167870672762    0.5307167870672762    0.5307167870672762 Cs\n   0.2358352229605777    0.2641647770394213    0.7358352229605772 Cs\n   0.2641647770394213    0.7358352229605772    0.2358352229605777 Cs\n   0.7358352229605772    0.2358352229605777    0.2641647770394213 Cs\n   0.7641647770394228    0.7641647770394228    0.7641647770394228 Cs\n   0.4692832129327235    0.0307167870672760    0.9692832129327238 Cs\n   0.0307167870672760    0.9692832129327238    0.4692832129327235 Cs\n   0.7456089414090036    0.7543910585909964    0.2456089414090034 Bi\n   0.7543910585909964    0.2456089414090034    0.7456089414090036 Bi\n   0.2456089414090034    0.7456089414090036    0.7543910585909964 Bi\n   0.2543910585909960    0.2543910585909960    0.2543910585909960 Bi\n   0.5359177176455069    0.2472029704722587    0.7062146505462445 O\n   0.0359177176455065    0.2527970295277420    0.2937853494537575 O\n   0.4640822823544929    0.7472029704722576    0.7937853494537555 O\n   0.2527970295277420    0.2937853494537575    0.0359177176455065 O\n   0.2472029704722587    0.7062146505462445    0.5359177176455069 O\n   0.7062146505462445    0.5359177176455069    0.2472029704722587 O\n   0.7472029704722576    0.7937853494537555    0.4640822823544929 O\n   0.7527970295277424    0.2062146505462425    0.9640822823544931 O\n   0.2062146505462425    0.9640822823544931    0.7527970295277424 O\n   0.9640822823544931    0.7527970295277424    0.2062146505462425 O\n   0.7937853494537555    0.4640822823544929    0.7472029704722576 O\n   0.2937853494537575    0.0359177176455065    0.2527970295277420 O\n",
    "cif": "# generated using pymatgen\ndata_Cs3BiO3\n_symmetry_space_group_name_H-M   'P 1'\n_cell_length_a   9.45066407\n_cell_length_b   9.45066407\n_cell_length_c   9.45066407\n_cell_angle_alpha   90.00000000\n_cell_angle_beta   90.00000000\n_cell_angle_gamma   90.00000000\n_symmetry_Int_Tables_number   1\n_chemical_formula_structural   Cs3BiO3\n_chemical_formula_sum   'Cs12 Bi4 O12'\n_cell_volume   844.08654655\n_cell_formula_units_Z   4\nloop_\n _symmetry_equiv_pos_site_id\n _symmetry_equiv_pos_as_xyz\n  1  'x, y, z'\nloop_\n _atom_site_type_symbol\n _atom_site_label\n _atom_site_symmetry_multiplicity\n _atom_site_fract_x\n _atom_site_fract_y\n _atom_site_fract_z\n _atom_site_occupancy\n  Cs  Cs0  1  0.02673988  0.02673988  0.02673988  1\n  Cs  Cs1  1  0.47326012  0.97326012  0.52673988  1\n  Cs  Cs2  1  0.52673988  0.47326012  0.97326012  1\n  Cs  Cs3  1  0.97326012  0.52673988  0.47326012  1\n  Cs  Cs4  1  0.96928321  0.46928321  0.03071679  1\n  Cs  Cs5  1  0.53071679  0.53071679  0.53071679  1\n  Cs  Cs6  1  0.23583522  0.26416478  0.73583522  1\n  Cs  Cs7  1  0.26416478  0.73583522  0.23583522  1\n  Cs  Cs8  1  0.73583522  0.23583522  0.26416478  1\n  Cs  Cs9  1  0.76416478  0.76416478  0.76416478  1\n  Cs  Cs10  1  0.46928321  0.03071679  0.96928321  1\n  Cs  Cs11  1  0.03071679  0.96928321  0.46928321  1\n  Bi  Bi12  1  0.74560894  0.75439106  0.24560894  1\n  Bi  Bi13  1  0.75439106  0.24560894  0.74560894  1\n  Bi  Bi14  1  0.24560894  0.74560894  0.75439106  1\n  Bi  Bi15  1  0.25439106  0.25439106  0.25439106  1\n  O  O16  1  0.53591772  0.24720297  0.70621465  1\n  O  O17  1  0.03591772  0.25279703  0.29378535  1\n  O  O18  1  0.46408228  0.74720297  0.79378535  1\n  O  O19  1  0.25279703  0.29378535  0.03591772  1\n  O  O20  1  0.24720297  0.70621465  0.53591772  1\n  O  O21  1  0.70621465  0.53591772  0.24720297  1\n  O  O22  1  0.74720297  0.79378535  0.46408228  1\n  O  O23  1  0.75279703  0.20621465  0.96408228  1\n  O  O24  1  0.20621465  0.96408228  0.75279703  1\n  O  O25  1  0.96408228  0.75279703  0.20621465  1\n  O  O26  1  0.79378535  0.46408228  0.74720297  1\n  O  O27  1  0.29378535  0.03591772  0.25279703  1\n",
    "abc": [
        9.45066,
        9.45066,
        9.45066
    ],
    "angles": [
        90.0,
        90.0,
        90.0
    ],
    "eij": [
        [
            -0.0,
            -0.0,
            0.0,
            0.11371,
            0.0,
            0.0
        ],
        [
            0.0,
            -0.0,
            -0.0,
            0.0,
            0.11371,
            0.0
        ],
        [
            -0.0,
            0.0,
            -0.0,
            0.0,
            0.0,
            0.11371
        ]
    ],
    "Cij": [
        [
            19.89293,
            12.88637,
            12.88637,
            0.0,
            0.0,
            0.0
        ],
        [
            12.88637,
            19.89293,
            12.88637,
            0.0,
            0.0,
            0.0
        ],
        [
            12.88637,
            12.88637,
            19.89293,
            0.0,
            0.0,
            0.0
        ],
        [
            0.0,
            0.0,
            0.0,
            7.379510000000001,
            0.0,
            0.0
        ],
        [
            0.0,
            0.0,
            0.0,
            0.0,
            7.379510000000001,
            0.0
        ],
        [
            0.0,
            0.0,
            0.0,
            0.0,
            0.0,
            7.379510000000001
        ]
    ],
    "Sij": [
        [
            0.10244835648240494,
            -0.04027503416864206,
            -0.04027503416864206,
            0.0,
            0.0,
            0.0
        ],
        [
            -0.04027503416864205,
            0.10244835648240495,
            -0.04027503416864206,
            0.0,
            0.0,
            0.0
        ],
        [
            -0.04027503416864206,
            -0.04027503416864206,
            0.10244835648240495,
            0.0,
            0.0,
            0.0
        ],
        [
            0.0,
            0.0,
            0.0,
            0.13551035231336497,
            0.0,
            0.0
        ],
        [
            0.0,
            0.0,
            0.0,
            0.0,
            0.13551035231336497,
            0.0
        ],
        [
            0.0,
            0.0,
            0.0,
            0.0,
            0.0,
            0.13551035231336497
        ]
    ],
    "dij": [
        [
            0.0,
            0.0,
            0.0,
            15.408882161552732,
            0.0,
            0.0
        ],
        [
            0.0,
            0.0,
            0.0,
            0.0,
            15.408882161552732,
            0.0
        ],
        [
            0.0,
            0.0,
            0.0,
            0.0,
            0.0,
            15.408882161552732
        ]
    ],
    "poisson": [
        0.3931252345230069,
        0.3931252345230069,
        0.39312523452300696
    ]
}