{
    "Formula": "SiO2",
    "matID": "76236636",
    "Source": "jarvis",
    "Point Group": "23",
    "Space Group": "P2_13",
    "poscar": "Si8 O16\n1.0\n   7.2061304622578133    0.0000000000000000    0.0000000000000000\n  -0.0000000000000000    7.2061304622578133    0.0000000000000000\n  -0.0000000000000000    0.0000000000000000    7.2061304622578133\nSi O\n8 16\ndirect\n   0.9806831432751962    0.5193168567248038    0.4806831432751968 Si\n   0.5193168567248038    0.4806831432751968    0.9806831432751962 Si\n   0.4806831432751968    0.9806831432751962    0.5193168567248038 Si\n   0.0193168567248033    0.0193168567248033    0.0193168567248033 Si\n   0.7219194034393779    0.7780805965606221    0.2219194034393780 Si\n   0.7780805965606221    0.2219194034393780    0.7219194034393779 Si\n   0.2219194034393780    0.7219194034393779    0.7780805965606221 Si\n   0.2780805965606220    0.2780805965606220    0.2780805965606220 Si\n   0.0493939963189722    0.6396861121170239    0.6585915545833909 O\n   0.6396861121170239    0.6585915545833909    0.0493939963189722 O\n   0.8513921518389671    0.6486078481610329    0.3513921518389674 O\n   0.6486078481610329    0.3513921518389674    0.8513921518389671 O\n   0.3513921518389674    0.8513921518389671    0.6486078481610329 O\n   0.1486078481610328    0.1486078481610328    0.1486078481610328 O\n   0.5493939963189721    0.8603138878829761    0.3414084454166084 O\n   0.1585915545833914    0.4506060036810277    0.3603138878829764 O\n   0.4506060036810277    0.3603138878829764    0.1585915545833914 O\n   0.9506060036810279    0.1396861121170236    0.8414084454166091 O\n   0.6585915545833909    0.0493939963189722    0.6396861121170239 O\n   0.1396861121170236    0.8414084454166091    0.9506060036810279 O\n   0.3603138878829764    0.1585915545833914    0.4506060036810277 O\n   0.8603138878829761    0.3414084454166084    0.5493939963189721 O\n   0.3414084454166084    0.5493939963189721    0.8603138878829761 O\n   0.8414084454166091    0.9506060036810279    0.1396861121170236 O\n",
    "cif": "# generated using pymatgen\ndata_SiO2\n_symmetry_space_group_name_H-M   'P 1'\n_cell_length_a   7.20613046\n_cell_length_b   7.20613046\n_cell_length_c   7.20613046\n_cell_angle_alpha   90.00000000\n_cell_angle_beta   90.00000000\n_cell_angle_gamma   90.00000000\n_symmetry_Int_Tables_number   1\n_chemical_formula_structural   SiO2\n_chemical_formula_sum   'Si8 O16'\n_cell_volume   374.20222150\n_cell_formula_units_Z   8\nloop_\n _symmetry_equiv_pos_site_id\n _symmetry_equiv_pos_as_xyz\n  1  'x, y, z'\nloop_\n _atom_site_type_symbol\n _atom_site_label\n _atom_site_symmetry_multiplicity\n _atom_site_fract_x\n _atom_site_fract_y\n _atom_site_fract_z\n _atom_site_occupancy\n  Si  Si0  1  0.98068314  0.51931686  0.48068314  1\n  Si  Si1  1  0.51931686  0.48068314  0.98068314  1\n  Si  Si2  1  0.48068314  0.98068314  0.51931686  1\n  Si  Si3  1  0.01931686  0.01931686  0.01931686  1\n  Si  Si4  1  0.72191940  0.77808060  0.22191940  1\n  Si  Si5  1  0.77808060  0.22191940  0.72191940  1\n  Si  Si6  1  0.22191940  0.72191940  0.77808060  1\n  Si  Si7  1  0.27808060  0.27808060  0.27808060  1\n  O  O8  1  0.04939400  0.63968611  0.65859155  1\n  O  O9  1  0.63968611  0.65859155  0.04939400  1\n  O  O10  1  0.85139215  0.64860785  0.35139215  1\n  O  O11  1  0.64860785  0.35139215  0.85139215  1\n  O  O12  1  0.35139215  0.85139215  0.64860785  1\n  O  O13  1  0.14860785  0.14860785  0.14860785  1\n  O  O14  1  0.54939400  0.86031389  0.34140845  1\n  O  O15  1  0.15859155  0.45060600  0.36031389  1\n  O  O16  1  0.45060600  0.36031389  0.15859155  1\n  O  O17  1  0.95060600  0.13968611  0.84140845  1\n  O  O18  1  0.65859155  0.04939400  0.63968611  1\n  O  O19  1  0.13968611  0.84140845  0.95060600  1\n  O  O20  1  0.36031389  0.15859155  0.45060600  1\n  O  O21  1  0.86031389  0.34140845  0.54939400  1\n  O  O22  1  0.34140845  0.54939400  0.86031389  1\n  O  O23  1  0.84140845  0.95060600  0.13968611  1\n",
    "abc": [
        7.20613,
        7.20613,
        7.20613
    ],
    "angles": [
        90.0,
        90.0,
        90.0
    ],
    "eij": [
        [
            0.0,
            0.0,
            0.0,
            0.05489,
            0.0,
            0.0
        ],
        [
            0.0,
            0.0,
            0.0,
            0.0,
            0.05489,
            0.0
        ],
        [
            0.0,
            0.0,
            0.0,
            0.0,
            0.0,
            0.05489
        ]
    ],
    "Cij": [
        [
            57.231230000000004,
            -0.28832,
            -0.28832,
            0.0,
            0.0,
            0.0
        ],
        [
            -0.28832,
            57.231230000000004,
            -0.28832,
            0.0,
            0.0,
            0.0
        ],
        [
            -0.28832,
            -0.28832,
            57.231230000000004,
            0.0,
            0.0,
            0.0
        ],
        [
            0.0,
            0.0,
            0.0,
            31.24126,
            0.0,
            0.0
        ],
        [
            0.0,
            0.0,
            0.0,
            0.0,
            31.24126,
            0.0
        ],
        [
            0.0,
            0.0,
            0.0,
            0.0,
            0.0,
            31.24126
        ]
    ],
    "Sij": [
        [
            0.017473869051022304,
            8.847573692301203e-05,
            8.847573692301203e-05,
            0.0,
            0.0,
            0.0
        ],
        [
            8.847573692301202e-05,
            0.017473869051022304,
            8.847573692301203e-05,
            0.0,
            0.0,
            0.0
        ],
        [
            8.847573692301203e-05,
            8.847573692301203e-05,
            0.017473869051022304,
            0.0,
            0.0,
            0.0
        ],
        [
            0.0,
            0.0,
            0.0,
            0.03200895226376913,
            0.0,
            0.0
        ],
        [
            0.0,
            0.0,
            0.0,
            0.0,
            0.03200895226376913,
            0.0
        ],
        [
            0.0,
            0.0,
            0.0,
            0.0,
            0.0,
            0.03200895226376913
        ]
    ],
    "dij": [
        [
            0.0,
            0.0,
            0.0,
            1.7569713897582877,
            0.0,
            0.0
        ],
        [
            0.0,
            0.0,
            0.0,
            0.0,
            1.7569713897582877,
            0.0
        ],
        [
            0.0,
            0.0,
            0.0,
            0.0,
            0.0,
            1.7569713897582877
        ]
    ],
    "poisson": [
        -0.005063316925671695,
        -0.005063316925671695,
        -0.005063316925671695
    ]
}