{
    "Formula": "Na3SbS3",
    "matID": "79524638",
    "Source": "jarvis",
    "Point Group": "23",
    "Space Group": "P2_13",
    "poscar": "Na12 Sb4 S12\n1.0\n   8.7022341040999809   -0.0000000000000000    0.0000000000000000\n  -0.0000000000000000    8.7022341040999809   -0.0000000000000000\n  -0.0000000000000000   -0.0000000000000000    8.7022341040999809\nNa Sb S\n12 4 12\ndirect\n   0.4404427879107756    0.9404427879107756    0.5595572120892244 Na\n   0.9404427879107756    0.5595572120892244    0.4404427879107756 Na\n   0.5595572120892244    0.4404427879107756    0.9404427879107756 Na\n   0.0595572120892244    0.0595572120892244    0.0595572120892244 Na\n   0.9315840877401818    0.4315840877401818    0.0684159122598183 Na\n   0.4315840877401818    0.0684159122598183    0.9315840877401818 Na\n   0.0684159122598183    0.9315840877401818    0.4315840877401818 Na\n   0.5684159122598182    0.5684159122598182    0.5684159122598182 Na\n   0.6744161215220368    0.1744161215220368    0.3255838784779632 Na\n   0.1744161215220368    0.3255838784779632    0.6744161215220368 Na\n   0.3255838784779632    0.6744161215220368    0.1744161215220368 Na\n   0.8255838784779632    0.8255838784779632    0.8255838784779632 Na\n   0.2856257449257302    0.2856257449257302    0.2856257449257302 Sb\n   0.7856257449257301    0.2143742550742698    0.7143742550742699 Sb\n   0.7143742550742699    0.7856257449257301    0.2143742550742698 Sb\n   0.2143742550742698    0.7143742550742699    0.7856257449257301 Sb\n   0.1406829146947282    0.9853175351459670    0.7497262885499693 S\n   0.2502737114500307    0.6406829146947282    0.5146824648540330 S\n   0.4853175351459670    0.7502737114500307    0.8593170853052718 S\n   0.6406829146947282    0.5146824648540330    0.2502737114500307 S\n   0.7502737114500307    0.8593170853052718    0.4853175351459670 S\n   0.9853175351459670    0.7497262885499693    0.1406829146947282 S\n   0.8593170853052718    0.4853175351459670    0.7502737114500307 S\n   0.7497262885499693    0.1406829146947282    0.9853175351459670 S\n   0.5146824648540330    0.2502737114500307    0.6406829146947282 S\n   0.3593170853052718    0.0146824648540330    0.2497262885499693 S\n   0.2497262885499693    0.3593170853052718    0.0146824648540330 S\n   0.0146824648540330    0.2497262885499693    0.3593170853052718 S\n",
    "cif": "# generated using pymatgen\ndata_Na3SbS3\n_symmetry_space_group_name_H-M   'P 1'\n_cell_length_a   8.70223410\n_cell_length_b   8.70223410\n_cell_length_c   8.70223410\n_cell_angle_alpha   90.00000000\n_cell_angle_beta   90.00000000\n_cell_angle_gamma   90.00000000\n_symmetry_Int_Tables_number   1\n_chemical_formula_structural   Na3SbS3\n_chemical_formula_sum   'Na12 Sb4 S12'\n_cell_volume   659.01042830\n_cell_formula_units_Z   4\nloop_\n _symmetry_equiv_pos_site_id\n _symmetry_equiv_pos_as_xyz\n  1  'x, y, z'\nloop_\n _atom_site_type_symbol\n _atom_site_label\n _atom_site_symmetry_multiplicity\n _atom_site_fract_x\n _atom_site_fract_y\n _atom_site_fract_z\n _atom_site_occupancy\n  Na  Na0  1  0.44044279  0.94044279  0.55955721  1\n  Na  Na1  1  0.94044279  0.55955721  0.44044279  1\n  Na  Na2  1  0.55955721  0.44044279  0.94044279  1\n  Na  Na3  1  0.05955721  0.05955721  0.05955721  1\n  Na  Na4  1  0.93158409  0.43158409  0.06841591  1\n  Na  Na5  1  0.43158409  0.06841591  0.93158409  1\n  Na  Na6  1  0.06841591  0.93158409  0.43158409  1\n  Na  Na7  1  0.56841591  0.56841591  0.56841591  1\n  Na  Na8  1  0.67441612  0.17441612  0.32558388  1\n  Na  Na9  1  0.17441612  0.32558388  0.67441612  1\n  Na  Na10  1  0.32558388  0.67441612  0.17441612  1\n  Na  Na11  1  0.82558388  0.82558388  0.82558388  1\n  Sb  Sb12  1  0.28562574  0.28562574  0.28562574  1\n  Sb  Sb13  1  0.78562574  0.21437426  0.71437426  1\n  Sb  Sb14  1  0.71437426  0.78562574  0.21437426  1\n  Sb  Sb15  1  0.21437426  0.71437426  0.78562574  1\n  S  S16  1  0.14068291  0.98531754  0.74972629  1\n  S  S17  1  0.25027371  0.64068291  0.51468246  1\n  S  S18  1  0.48531754  0.75027371  0.85931709  1\n  S  S19  1  0.64068291  0.51468246  0.25027371  1\n  S  S20  1  0.75027371  0.85931709  0.48531754  1\n  S  S21  1  0.98531754  0.74972629  0.14068291  1\n  S  S22  1  0.85931709  0.48531754  0.75027371  1\n  S  S23  1  0.74972629  0.14068291  0.98531754  1\n  S  S24  1  0.51468246  0.25027371  0.64068291  1\n  S  S25  1  0.35931709  0.01468246  0.24972629  1\n  S  S26  1  0.24972629  0.35931709  0.01468246  1\n  S  S27  1  0.01468246  0.24972629  0.35931709  1\n",
    "abc": [
        8.70223,
        8.70223,
        8.70223
    ],
    "angles": [
        90.0,
        90.0,
        90.0
    ],
    "eij": [
        [
            -0.0,
            0.0,
            0.0,
            0.19597,
            0.0,
            0.0
        ],
        [
            0.0,
            0.0,
            0.0,
            0.0,
            0.19597,
            0.0
        ],
        [
            0.0,
            0.0,
            -0.0,
            0.0,
            0.0,
            0.19597
        ]
    ],
    "Cij": [
        [
            36.65021,
            15.03471,
            15.03471,
            0.0,
            0.0,
            0.0
        ],
        [
            15.03471,
            36.65021,
            15.03471,
            0.0,
            0.0,
            0.0
        ],
        [
            15.03471,
            15.03471,
            36.65021,
            0.0,
            0.0,
            0.0
        ],
        [
            0.0,
            0.0,
            0.0,
            10.71905,
            0.0,
            0.0
        ],
        [
            0.0,
            0.0,
            0.0,
            0.0,
            10.71905,
            0.0
        ],
        [
            0.0,
            0.0,
            0.0,
            0.0,
            0.0,
            10.71905
        ]
    ],
    "Sij": [
        [
            0.03583809639637499,
            -0.010425001843314125,
            -0.010425001843314121,
            0.0,
            0.0,
            0.0
        ],
        [
            -0.010425001843314127,
            0.03583809639637499,
            -0.01042500184331412,
            0.0,
            0.0,
            0.0
        ],
        [
            -0.010425001843314121,
            -0.010425001843314121,
            0.03583809639637498,
            0.0,
            0.0,
            0.0
        ],
        [
            0.0,
            0.0,
            0.0,
            0.09329184955756341,
            0.0,
            0.0
        ],
        [
            0.0,
            0.0,
            0.0,
            0.0,
            0.09329184955756341,
            0.0
        ],
        [
            0.0,
            0.0,
            0.0,
            0.0,
            0.0,
            0.09329184955756341
        ]
    ],
    "dij": [
        [
            0.0,
            0.0,
            0.0,
            18.2824037577957,
            0.0,
            0.0
        ],
        [
            0.0,
            0.0,
            0.0,
            0.0,
            18.2824037577957,
            0.0
        ],
        [
            0.0,
            0.0,
            0.0,
            0.0,
            0.0,
            18.2824037577957
        ]
    ],
    "poisson": [
        0.2908916179032492,
        0.2908916179032491,
        0.2908916179032491
    ]
}