{
    "Formula": "K3AsSe3",
    "matID": "81123256",
    "Source": "jarvis",
    "Point Group": "23",
    "Space Group": "P2_13",
    "poscar": "K12 As4 Se12\n1.0\n   9.9417014825690622    0.0000000000000000    0.0000000000000000\n  -0.0000000000000000    9.9417014825690622   -0.0000000000000000\n   0.0000000000000000    0.0000000000000000    9.9417014825690622\nK As Se\n12 4 12\ndirect\n   0.8164729636892289    0.1835270363107693    0.6835270363107711 K\n   0.6835270363107711    0.8164729636892289    0.1835270363107693 K\n   0.1835270363107693    0.6835270363107711    0.8164729636892289 K\n   0.3164729636892306    0.3164729636892306    0.3164729636892306 K\n   0.1877857013416937    0.3122142986583057    0.6877857013416958 K\n   0.3122142986583057    0.6877857013416958    0.1877857013416937 K\n   0.6877857013416958    0.1877857013416937    0.3122142986583057 K\n   0.8122142986583042    0.8122142986583042    0.8122142986583042 K\n   0.4205133071554115    0.0794866928445890    0.9205133071554135 K\n   0.0794866928445890    0.9205133071554135    0.4205133071554115 K\n   0.9205133071554135    0.4205133071554115    0.0794866928445890 K\n   0.5794866928445865    0.5794866928445865    0.5794866928445865 K\n   0.5221601610350720    0.4778398389649284    0.9778398389649280 As\n   0.9778398389649280    0.5221601610350720    0.4778398389649284 As\n   0.4778398389649284    0.9778398389649280    0.5221601610350720 As\n   0.0221601610350716    0.0221601610350716    0.0221601610350716 As\n   0.2898411612810441    0.4015452451194386    0.9953125135130899 Se\n   0.7898411612810459    0.0984547548805605    0.0046874864869079 Se\n   0.7101588387189541    0.9015452451194413    0.5046874864869101 Se\n   0.0984547548805605    0.0046874864869079    0.7898411612810459 Se\n   0.5046874864869101    0.7101588387189541    0.9015452451194413 Se\n   0.0046874864869079    0.7898411612810459    0.0984547548805605 Se\n   0.4015452451194386    0.9953125135130899    0.2898411612810441 Se\n   0.9953125135130899    0.2898411612810441    0.4015452451194386 Se\n   0.9015452451194413    0.5046874864869101    0.7101588387189541 Se\n   0.5984547548805587    0.4953125135130929    0.2101588387189559 Se\n   0.4953125135130929    0.2101588387189559    0.5984547548805587 Se\n   0.2101588387189559    0.5984547548805587    0.4953125135130929 Se\n",
    "cif": "# generated using pymatgen\ndata_K3AsSe3\n_symmetry_space_group_name_H-M   'P 1'\n_cell_length_a   9.94170148\n_cell_length_b   9.94170148\n_cell_length_c   9.94170148\n_cell_angle_alpha   90.00000000\n_cell_angle_beta   90.00000000\n_cell_angle_gamma   90.00000000\n_symmetry_Int_Tables_number   1\n_chemical_formula_structural   K3AsSe3\n_chemical_formula_sum   'K12 As4 Se12'\n_cell_volume   982.61220814\n_cell_formula_units_Z   4\nloop_\n _symmetry_equiv_pos_site_id\n _symmetry_equiv_pos_as_xyz\n  1  'x, y, z'\nloop_\n _atom_site_type_symbol\n _atom_site_label\n _atom_site_symmetry_multiplicity\n _atom_site_fract_x\n _atom_site_fract_y\n _atom_site_fract_z\n _atom_site_occupancy\n  K  K0  1  0.81647296  0.18352704  0.68352704  1\n  K  K1  1  0.68352704  0.81647296  0.18352704  1\n  K  K2  1  0.18352704  0.68352704  0.81647296  1\n  K  K3  1  0.31647296  0.31647296  0.31647296  1\n  K  K4  1  0.18778570  0.31221430  0.68778570  1\n  K  K5  1  0.31221430  0.68778570  0.18778570  1\n  K  K6  1  0.68778570  0.18778570  0.31221430  1\n  K  K7  1  0.81221430  0.81221430  0.81221430  1\n  K  K8  1  0.42051331  0.07948669  0.92051331  1\n  K  K9  1  0.07948669  0.92051331  0.42051331  1\n  K  K10  1  0.92051331  0.42051331  0.07948669  1\n  K  K11  1  0.57948669  0.57948669  0.57948669  1\n  As  As12  1  0.52216016  0.47783984  0.97783984  1\n  As  As13  1  0.97783984  0.52216016  0.47783984  1\n  As  As14  1  0.47783984  0.97783984  0.52216016  1\n  As  As15  1  0.02216016  0.02216016  0.02216016  1\n  Se  Se16  1  0.28984116  0.40154525  0.99531251  1\n  Se  Se17  1  0.78984116  0.09845475  0.00468749  1\n  Se  Se18  1  0.71015884  0.90154525  0.50468749  1\n  Se  Se19  1  0.09845475  0.00468749  0.78984116  1\n  Se  Se20  1  0.50468749  0.71015884  0.90154525  1\n  Se  Se21  1  0.00468749  0.78984116  0.09845475  1\n  Se  Se22  1  0.40154525  0.99531251  0.28984116  1\n  Se  Se23  1  0.99531251  0.28984116  0.40154525  1\n  Se  Se24  1  0.90154525  0.50468749  0.71015884  1\n  Se  Se25  1  0.59845475  0.49531251  0.21015884  1\n  Se  Se26  1  0.49531251  0.21015884  0.59845475  1\n  Se  Se27  1  0.21015884  0.59845475  0.49531251  1\n",
    "abc": [
        9.9417,
        9.9417,
        9.9417
    ],
    "angles": [
        90.0,
        90.0,
        90.0
    ],
    "eij": [
        [
            0.0,
            -0.0,
            0.0,
            0.02398,
            0.0,
            0.0
        ],
        [
            0.0,
            0.0,
            -0.0,
            0.0,
            0.02398,
            0.0
        ],
        [
            -0.0,
            0.0,
            0.0,
            0.0,
            0.0,
            0.02398
        ]
    ],
    "Cij": [
        [
            21.81002,
            9.179170000000001,
            9.179170000000001,
            0.0,
            0.0,
            0.0
        ],
        [
            9.179170000000001,
            21.81002,
            9.179170000000001,
            0.0,
            0.0,
            0.0
        ],
        [
            9.179170000000001,
            9.179170000000001,
            21.81002,
            0.0,
            0.0,
            0.0
        ],
        [
            0.0,
            0.0,
            0.0,
            6.698569999999999,
            0.0,
            0.0
        ],
        [
            0.0,
            0.0,
            0.0,
            0.0,
            6.698569999999999,
            0.0
        ],
        [
            0.0,
            0.0,
            0.0,
            0.0,
            0.0,
            6.698569999999999
        ]
    ],
    "Sij": [
        [
            0.06107922901637904,
            -0.018092006490336664,
            -0.018092006490336664,
            0.0,
            0.0,
            0.0
        ],
        [
            -0.01809200649033666,
            0.061079229016379036,
            -0.01809200649033666,
            0.0,
            0.0,
            0.0
        ],
        [
            -0.018092006490336664,
            -0.01809200649033666,
            0.061079229016379036,
            0.0,
            0.0,
            0.0
        ],
        [
            0.0,
            0.0,
            0.0,
            0.1492855937909136,
            0.0,
            0.0
        ],
        [
            0.0,
            0.0,
            0.0,
            0.0,
            0.1492855937909136,
            0.0
        ],
        [
            0.0,
            0.0,
            0.0,
            0.0,
            0.0,
            0.1492855937909136
        ]
    ],
    "dij": [
        [
            0.0,
            0.0,
            0.0,
            3.5798685391061085,
            0.0,
            0.0
        ],
        [
            0.0,
            0.0,
            0.0,
            0.0,
            3.5798685391061085,
            0.0
        ],
        [
            0.0,
            0.0,
            0.0,
            0.0,
            0.0,
            3.5798685391061085
        ]
    ],
    "poisson": [
        0.29620554780554126,
        0.2962055478055412,
        0.29620554780554126
    ]
}