{
    "Formula": "Y3Sb5O2",
    "matID": "82322989",
    "Source": "mp",
    "Point Group": "1",
    "Space Group": "P1",
    "poscar": "Y6 Sb10 O24\n1.0\n   9.4193180613209435   -0.0000278183090032   -0.0000453545853155\n  -3.1397464674509692    8.8806272455757682   -0.0000217834229888\n  -3.1397504003949614   -4.4402685641072281    7.6908731648302355\nY Sb O\n6 10 24\ndirect\n   0.2500002571449123    0.7499999519750535    0.5000004167751781 Y\n   0.7499996969670564    0.2499995681837674    0.4999992900066083 Y\n   0.5000004397550729    0.7500008580386585    0.2499997384056834 Y\n   0.4999995410958512    0.2499992477875316    0.7500004420578780 Y\n   0.2499998518941227    0.5000006698008783    0.7500002355878781 Y\n   0.7499994039330649    0.4999990456250227    0.2499991195226422 Y\n  -0.0000000055979658   -0.0000004166611691    0.5146203719666963 Sb\n   0.5146193362846672   -0.0000003867762045   -0.0000005504392932 Sb\n  -0.0000003866958229    0.5146205157643081    0.0000001407909414 Sb\n   0.4853790506886806    0.4853792362884269    0.4853794648972096 Sb\n   0.2830044785085209    0.2830055552326565    0.0000002324237867 Sb\n   0.7169949955555328    0.7169945788791791    0.9999989975076505 Sb\n   0.9999978231549774    0.7169940369066375    0.7169939220014383 Sb\n   0.0000003387525233    0.2830048241497951    0.2830047277506779 Sb\n   0.7169956134749067   -0.0000003237802673    0.7169956700361325 Sb\n   0.2830045781548198   -0.0000000131936248    0.2830061345233259 Sb\n   0.7042532683717131    0.0000004698849207    0.5018465659874172 O\n   0.5018465555477931    0.0000004007389720    0.7042536596437420 O\n   0.2957478888654161    0.7975936591027158    0.2957487242017223 O\n   0.2957473662329306    0.2957480433570475    0.7975936090273068 O\n   0.4981544732274338    0.2024065035802861    0.4981551642423009 O\n   0.4981542594158505    0.4981547690683921    0.2024063889976286 O\n   0.5018458127378130    0.7042529429228678   -0.0000005803506495 O\n   0.7042519010620067    0.5018451965048586   -0.0000006445365031 O\n   0.0000001878206332    0.7042521953540986    0.5018456352389642 O\n   0.2024068178401555    0.4981547105476662    0.4981544121198531 O\n   0.7975929621590138    0.2957468683218368    0.2957461710612146 O\n   0.9999996091474138    0.5018456702474842    0.7042520310412362 O\n   0.2014352372331702    0.0000008980174809    0.4785013750101201 O\n   0.4784992808705982   -0.0000001543983059    0.2014341965652993 O\n   0.7985667733555433    0.2770651043352488    0.7985668050541708 O\n   0.7985664059004109    0.7985663823613279    0.2770644292851120 O\n   0.5215009430792209    0.7229344659966571    0.5215009095552673 O\n   0.5215009215380513    0.5215001577105400    0.7229343611293668 O\n   0.4784982023081616    0.2014343566871752    0.0000003773044051 O\n   0.2014341065496823    0.4785014539936911    0.0000000717595844 O\n   0.0000000290670024    0.2014335042242453    0.4784991298471016 O\n   0.7229335887879649    0.5214990971304865    0.5214981724660209 O\n   0.2770646041297233    0.7985659088946648    0.7985662936795364 O\n   0.0000007516813673    0.4784994371950146    0.2014343778553329 O\n",
    "cif": "# generated using pymatgen\ndata_Y3Sb5O12\n_symmetry_space_group_name_H-M   'P 1'\n_cell_length_a   9.41931806\n_cell_length_b   9.41931782\n_cell_length_c   9.41931779\n_cell_angle_alpha   109.47122156\n_cell_angle_beta   109.47123176\n_cell_angle_gamma   109.47122121\n_symmetry_Int_Tables_number   1\n_chemical_formula_structural   Y3Sb5O12\n_chemical_formula_sum   'Y6 Sb10 O24'\n_cell_volume   643.33385059\n_cell_formula_units_Z   2\nloop_\n _symmetry_equiv_pos_site_id\n _symmetry_equiv_pos_as_xyz\n  1  'x, y, z'\nloop_\n _atom_site_type_symbol\n _atom_site_label\n _atom_site_symmetry_multiplicity\n _atom_site_fract_x\n _atom_site_fract_y\n _atom_site_fract_z\n _atom_site_occupancy\n  Y  Y0  1  0.25000026  0.74999995  0.50000042  1\n  Y  Y1  1  0.74999970  0.24999957  0.49999929  1\n  Y  Y2  1  0.50000044  0.75000086  0.24999974  1\n  Y  Y3  1  0.49999954  0.24999925  0.75000044  1\n  Y  Y4  1  0.24999985  0.50000067  0.75000024  1\n  Y  Y5  1  0.74999940  0.49999905  0.24999912  1\n  Sb  Sb6  1  -0.00000001  -0.00000042  0.51462037  1\n  Sb  Sb7  1  0.51461934  -0.00000039  -0.00000055  1\n  Sb  Sb8  1  -0.00000039  0.51462052  0.00000014  1\n  Sb  Sb9  1  0.48537905  0.48537924  0.48537946  1\n  Sb  Sb10  1  0.28300448  0.28300556  0.00000023  1\n  Sb  Sb11  1  0.71699500  0.71699458  0.99999900  1\n  Sb  Sb12  1  0.99999782  0.71699404  0.71699392  1\n  Sb  Sb13  1  0.00000034  0.28300482  0.28300473  1\n  Sb  Sb14  1  0.71699561  -0.00000032  0.71699567  1\n  Sb  Sb15  1  0.28300458  -0.00000001  0.28300613  1\n  O  O16  1  0.70425327  0.00000047  0.50184657  1\n  O  O17  1  0.50184656  0.00000040  0.70425366  1\n  O  O18  1  0.29574789  0.79759366  0.29574872  1\n  O  O19  1  0.29574737  0.29574804  0.79759361  1\n  O  O20  1  0.49815447  0.20240650  0.49815516  1\n  O  O21  1  0.49815426  0.49815477  0.20240639  1\n  O  O22  1  0.50184581  0.70425294  -0.00000058  1\n  O  O23  1  0.70425190  0.50184520  -0.00000064  1\n  O  O24  1  0.00000019  0.70425220  0.50184564  1\n  O  O25  1  0.20240682  0.49815471  0.49815441  1\n  O  O26  1  0.79759296  0.29574687  0.29574617  1\n  O  O27  1  0.99999961  0.50184567  0.70425203  1\n  O  O28  1  0.20143524  0.00000090  0.47850138  1\n  O  O29  1  0.47849928  -0.00000015  0.20143420  1\n  O  O30  1  0.79856677  0.27706510  0.79856681  1\n  O  O31  1  0.79856641  0.79856638  0.27706443  1\n  O  O32  1  0.52150094  0.72293447  0.52150091  1\n  O  O33  1  0.52150092  0.52150016  0.72293436  1\n  O  O34  1  0.47849820  0.20143436  0.00000038  1\n  O  O35  1  0.20143411  0.47850145  0.00000007  1\n  O  O36  1  0.00000003  0.20143350  0.47849913  1\n  O  O37  1  0.72293359  0.52149910  0.52149817  1\n  O  O38  1  0.27706460  0.79856591  0.79856629  1\n  O  O39  1  0.00000075  0.47849944  0.20143438  1\n",
    "abc": [
        9.41932,
        9.41932,
        9.41932
    ],
    "angles": [
        109.47122,
        109.47123,
        109.47122
    ],
    "eij": [
        [
            -0.31653,
            0.15822,
            0.15822,
            0.0,
            0.0,
            0.0
        ],
        [
            -8e-05,
            -0.22394,
            0.22398,
            0.0,
            0.0,
            0.15837
        ],
        [
            3e-05,
            1e-05,
            -1e-05,
            0.22396,
            0.15836,
            -3e-05
        ]
    ],
    "Cij": [
        [
            111.68179,
            40.08088,
            40.08078,
            -8e-05,
            8e-05,
            7e-05
        ],
        [
            40.08088,
            117.21513,
            34.54742,
            -5e-05,
            -0.00013,
            7.82543
        ],
        [
            40.08078,
            34.54742,
            117.21515,
            0.0001,
            -1e-05,
            -7.82549
        ],
        [
            -8e-05,
            -5e-05,
            0.0001,
            41.33395,
            -7.82549,
            -0.00013
        ],
        [
            8e-05,
            -0.00013,
            -1e-05,
            -7.82549,
            46.867309999999996,
            -8e-05
        ],
        [
            7e-05,
            7.82543,
            -7.82549,
            -0.00013,
            -8e-05,
            46.867419999999996
        ]
    ],
    "Sij": [
        [
            0.011048390977784902,
            -0.002917909943655942,
            -0.002917899370010596,
            2.0335438989828144e-08,
            -2.4179865835429376e-08,
            -1.8471622716649067e-08
        ],
        [
            -0.002917909943655941,
            0.01031099450205713,
            -0.002180501022038627,
            1.1500022792992835e-08,
            3.1475981906052496e-08,
            -0.0020856972795062507
        ],
        [
            -0.0029178993700105962,
            -0.002180501022038628,
            0.01031098891999184,
            -2.6624072902968565e-08,
            2.472411466980085e-10,
            0.0020857154724094745
        ],
        [
            2.0335438989828148e-08,
            1.1500022792992835e-08,
            -2.662407290296857e-08,
            0.024982937459998383,
            0.0041714305188210905,
            7.005198596804191e-08
        ],
        [
            -2.4179865835429372e-08,
            3.14759819060525e-08,
            2.4724114669800844e-10,
            0.004171430518821091,
            0.022033342383428352,
            4.396608007749546e-08
        ],
        [
            -1.847162271652679e-08,
            -0.0020856972795062507,
            0.0020857154724094745,
            7.005198596804191e-08,
            4.396608007749546e-08,
            0.022033285033570642
        ]
    ],
    "dij": [
        [
            -4.420488945806574,
            2.2100127128739424,
            2.2100084828036115,
            -8.829703711850662e-06,
            1.2672901284294647e-05,
            8.72530388656978e-06
        ],
        [
            -0.0010011447417743523,
            -3.127511173066798,
            3.128304888490192,
            2.5539312295698955e-06,
            -2.8511824864185716e-08,
            4.423640952527217
        ],
        [
            0.0003321773791082384,
            0.00010750865691582802,
            -0.00028094691895226456,
            6.25576640939149,
            4.4234336771027944,
            -0.0006800619214564832
        ]
    ],
    "poisson": [
        0.2829901560973381,
        0.2114735103449566,
        0.26410174801721287
    ]
}