{
    "Formula": "AsIrS",
    "matID": "83868285",
    "Source": "mp",
    "Point Group": "23",
    "Space Group": "P2_13",
    "poscar": "As4 Ir4 S4\n1.0\n   5.8460237530178318    0.0000000000000000    0.0000000000000000\n   0.0000000000000000    5.8460237530178318    0.0000000000000000\n   0.0000000000000000    0.0000000000000000    5.8460237530178318\nAs Ir S\n4 4 4\ndirect\n   0.1178424544722176    0.8821575455277824    0.3821575455277824 As\n   0.8821575455277824    0.3821575455277824    0.1178424544722176 As\n   0.3821575455277824    0.1178424544722176    0.8821575455277824 As\n   0.6178424544722176    0.6178424544722176    0.6178424544722176 As\n   0.4957173610895751    0.5042826389104249    0.0042826389104249 Ir\n   0.5042826389104249    0.0042826389104249    0.4957173610895751 Ir\n   0.0042826389104249    0.4957173610895751    0.5042826389104249 Ir\n   0.9957173610895751    0.9957173610895751    0.9957173610895751 Ir\n   0.8867254857072879    0.1132745142927121    0.6132745142927121 S\n   0.1132745142927121    0.6132745142927121    0.8867254857072879 S\n   0.6132745142927121    0.8867254857072879    0.1132745142927121 S\n   0.3867254857072879    0.3867254857072879    0.3867254857072879 S\n",
    "cif": "# generated using pymatgen\ndata_AsIrS\n_symmetry_space_group_name_H-M   'P 1'\n_cell_length_a   5.84602375\n_cell_length_b   5.84602375\n_cell_length_c   5.84602375\n_cell_angle_alpha   90.00000000\n_cell_angle_beta   90.00000000\n_cell_angle_gamma   90.00000000\n_symmetry_Int_Tables_number   1\n_chemical_formula_structural   AsIrS\n_chemical_formula_sum   'As4 Ir4 S4'\n_cell_volume   199.79367108\n_cell_formula_units_Z   4\nloop_\n _symmetry_equiv_pos_site_id\n _symmetry_equiv_pos_as_xyz\n  1  'x, y, z'\nloop_\n _atom_site_type_symbol\n _atom_site_label\n _atom_site_symmetry_multiplicity\n _atom_site_fract_x\n _atom_site_fract_y\n _atom_site_fract_z\n _atom_site_occupancy\n  As  As0  1  0.11784245  0.88215755  0.38215755  1\n  As  As1  1  0.88215755  0.38215755  0.11784245  1\n  As  As2  1  0.38215755  0.11784245  0.88215755  1\n  As  As3  1  0.61784245  0.61784245  0.61784245  1\n  Ir  Ir4  1  0.49571736  0.50428264  0.00428264  1\n  Ir  Ir5  1  0.50428264  0.00428264  0.49571736  1\n  Ir  Ir6  1  0.00428264  0.49571736  0.50428264  1\n  Ir  Ir7  1  0.99571736  0.99571736  0.99571736  1\n  S  S8  1  0.88672549  0.11327451  0.61327451  1\n  S  S9  1  0.11327451  0.61327451  0.88672549  1\n  S  S10  1  0.61327451  0.88672549  0.11327451  1\n  S  S11  1  0.38672549  0.38672549  0.38672549  1\n",
    "abc": [
        5.84602,
        5.84602,
        5.84602
    ],
    "angles": [
        90.0,
        90.0,
        90.0
    ],
    "eij": [
        [
            -0.0,
            -0.0,
            -0.0,
            0.06335,
            0.0,
            0.0
        ],
        [
            -0.0,
            -0.0,
            -0.0,
            0.0,
            0.06335,
            0.0
        ],
        [
            -0.0,
            -0.0,
            -0.0,
            0.0,
            0.0,
            0.06335
        ]
    ],
    "Cij": [
        [
            364.25928,
            68.87483999999999,
            68.87483999999999,
            0.0,
            0.0,
            0.0
        ],
        [
            68.87483999999999,
            364.25928,
            68.87483999999999,
            0.0,
            0.0,
            0.0
        ],
        [
            68.87483999999999,
            68.87483999999999,
            364.25928,
            0.0,
            0.0,
            0.0
        ],
        [
            0.0,
            0.0,
            0.0,
            90.4456,
            0.0,
            0.0
        ],
        [
            0.0,
            0.0,
            0.0,
            0.0,
            90.4456,
            0.0
        ],
        [
            0.0,
            0.0,
            0.0,
            0.0,
            0.0,
            90.4456
        ]
    ],
    "Sij": [
        [
            0.0029209445572237927,
            -0.0004644741195352136,
            -0.00046447411953521347,
            0.0,
            0.0,
            0.0
        ],
        [
            -0.0004644741195352136,
            0.0029209445572237927,
            -0.0004644741195352136,
            0.0,
            0.0,
            0.0
        ],
        [
            -0.0004644741195352135,
            -0.0004644741195352135,
            0.0029209445572237923,
            0.0,
            0.0,
            0.0
        ],
        [
            0.0,
            0.0,
            0.0,
            0.011056369795766737,
            0.0,
            0.0
        ],
        [
            0.0,
            0.0,
            0.0,
            0.0,
            0.011056369795766737,
            0.0
        ],
        [
            0.0,
            0.0,
            0.0,
            0.0,
            0.0,
            0.011056369795766737
        ]
    ],
    "dij": [
        [
            0.0,
            0.0,
            0.0,
            0.7004210265618228,
            0.0,
            0.0
        ],
        [
            0.0,
            0.0,
            0.0,
            0.0,
            0.7004210265618228,
            0.0
        ],
        [
            0.0,
            0.0,
            0.0,
            0.0,
            0.0,
            0.7004210265618228
        ]
    ],
    "poisson": [
        0.15901504134562292,
        0.15901504134562292,
        0.1590150413456229
    ]
}