{
    "Formula": "Sr2P7I",
    "matID": "86970218",
    "Source": "mp",
    "Point Group": "23",
    "Space Group": "P2_13",
    "poscar": "Sr8 P28 I4\n1.0\n  10.0645294464679456   -0.0000000000000000   -0.0000000000000000\n   0.0000000000000000   10.0645294464679456    0.0000000000000000\n   0.0000000000000000    0.0000000000000000   10.0645294464679456\nSr P I\n8 28 4\ndirect\n   0.1537686618470062    0.6537686618470061    0.8462313381529939 Sr\n   0.6537686618470061    0.8462313381529939    0.1537686618470062 Sr\n   0.8462313381529939    0.1537686618470062    0.6537686618470061 Sr\n   0.3462313381529943    0.3462313381529943    0.3462313381529943 Sr\n   0.9032530296450515    0.4032530296450527    0.0967469703549469 Sr\n   0.4032530296450527    0.0967469703549469    0.9032530296450515 Sr\n   0.0967469703549469    0.9032530296450515    0.4032530296450527 Sr\n   0.5967469703549485    0.5967469703549485    0.5967469703549485 Sr\n   0.7202502643148719    0.2202502643148726    0.2797497356851271 P\n   0.2202502643148726    0.2797497356851271    0.7202502643148719 P\n   0.2797497356851271    0.7202502643148719    0.2202502643148726 P\n   0.7797497356851281    0.7797497356851281    0.7797497356851281 P\n   0.3089951885687114    0.4635813260291564    0.6439837980913374 P\n   0.3560162019086627    0.8089951885687132    0.0364186739708427 P\n   0.9635813260291571    0.8560162019086626    0.6910048114312868 P\n   0.8089951885687132    0.0364186739708427    0.3560162019086627 P\n   0.8560162019086626    0.6910048114312868    0.9635813260291571 P\n   0.4635813260291564    0.6439837980913374    0.3089951885687114 P\n   0.6910048114312868    0.9635813260291571    0.8560162019086626 P\n   0.6439837980913374    0.3089951885687114    0.4635813260291564 P\n   0.0364186739708427    0.3560162019086627    0.8089951885687132 P\n   0.1910048114312890    0.5364186739708429    0.1439837980913368 P\n   0.1439837980913368    0.1910048114312890    0.5364186739708429 P\n   0.5364186739708429    0.1439837980913368    0.1910048114312890 P\n   0.3570191408049501    0.4586811248689602    0.0306121803213595 P\n   0.9693878196786395    0.8570191408049511    0.0413188751310411 P\n   0.9586811248689571    0.4693878196786408    0.6429808591950489 P\n   0.8570191408049511    0.0413188751310411    0.9693878196786395 P\n   0.4693878196786408    0.6429808591950489    0.9586811248689571 P\n   0.4586811248689602    0.0306121803213595    0.3570191408049501 P\n   0.6429808591950489    0.9586811248689571    0.4693878196786408 P\n   0.0306121803213595    0.3570191408049501    0.4586811248689602 P\n   0.0413188751310411    0.9693878196786395    0.8570191408049511 P\n   0.1429808591950497    0.5413188751310429    0.5306121803213605 P\n   0.5306121803213605    0.1429808591950497    0.5413188751310429 P\n   0.5413188751310429    0.5306121803213605    0.1429808591950497 P\n   0.3488311194647620    0.8488311194647625    0.6511688805352375 I\n   0.8488311194647625    0.6511688805352375    0.3488311194647620 I\n   0.6511688805352375    0.3488311194647620    0.8488311194647625 I\n   0.1511688805352382    0.1511688805352382    0.1511688805352382 I\n",
    "cif": "# generated using pymatgen\ndata_Sr2P7I\n_symmetry_space_group_name_H-M   'P 1'\n_cell_length_a   10.06452945\n_cell_length_b   10.06452945\n_cell_length_c   10.06452945\n_cell_angle_alpha   90.00000000\n_cell_angle_beta   90.00000000\n_cell_angle_gamma   90.00000000\n_symmetry_Int_Tables_number   1\n_chemical_formula_structural   Sr2P7I\n_chemical_formula_sum   'Sr8 P28 I4'\n_cell_volume   1019.48402413\n_cell_formula_units_Z   4\nloop_\n _symmetry_equiv_pos_site_id\n _symmetry_equiv_pos_as_xyz\n  1  'x, y, z'\nloop_\n _atom_site_type_symbol\n _atom_site_label\n _atom_site_symmetry_multiplicity\n _atom_site_fract_x\n _atom_site_fract_y\n _atom_site_fract_z\n _atom_site_occupancy\n  Sr  Sr0  1  0.15376866  0.65376866  0.84623134  1\n  Sr  Sr1  1  0.65376866  0.84623134  0.15376866  1\n  Sr  Sr2  1  0.84623134  0.15376866  0.65376866  1\n  Sr  Sr3  1  0.34623134  0.34623134  0.34623134  1\n  Sr  Sr4  1  0.90325303  0.40325303  0.09674697  1\n  Sr  Sr5  1  0.40325303  0.09674697  0.90325303  1\n  Sr  Sr6  1  0.09674697  0.90325303  0.40325303  1\n  Sr  Sr7  1  0.59674697  0.59674697  0.59674697  1\n  P  P8  1  0.72025026  0.22025026  0.27974974  1\n  P  P9  1  0.22025026  0.27974974  0.72025026  1\n  P  P10  1  0.27974974  0.72025026  0.22025026  1\n  P  P11  1  0.77974974  0.77974974  0.77974974  1\n  P  P12  1  0.30899519  0.46358133  0.64398380  1\n  P  P13  1  0.35601620  0.80899519  0.03641867  1\n  P  P14  1  0.96358133  0.85601620  0.69100481  1\n  P  P15  1  0.80899519  0.03641867  0.35601620  1\n  P  P16  1  0.85601620  0.69100481  0.96358133  1\n  P  P17  1  0.46358133  0.64398380  0.30899519  1\n  P  P18  1  0.69100481  0.96358133  0.85601620  1\n  P  P19  1  0.64398380  0.30899519  0.46358133  1\n  P  P20  1  0.03641867  0.35601620  0.80899519  1\n  P  P21  1  0.19100481  0.53641867  0.14398380  1\n  P  P22  1  0.14398380  0.19100481  0.53641867  1\n  P  P23  1  0.53641867  0.14398380  0.19100481  1\n  P  P24  1  0.35701914  0.45868112  0.03061218  1\n  P  P25  1  0.96938782  0.85701914  0.04131888  1\n  P  P26  1  0.95868112  0.46938782  0.64298086  1\n  P  P27  1  0.85701914  0.04131888  0.96938782  1\n  P  P28  1  0.46938782  0.64298086  0.95868112  1\n  P  P29  1  0.45868112  0.03061218  0.35701914  1\n  P  P30  1  0.64298086  0.95868112  0.46938782  1\n  P  P31  1  0.03061218  0.35701914  0.45868112  1\n  P  P32  1  0.04131888  0.96938782  0.85701914  1\n  P  P33  1  0.14298086  0.54131888  0.53061218  1\n  P  P34  1  0.53061218  0.14298086  0.54131888  1\n  P  P35  1  0.54131888  0.53061218  0.14298086  1\n  I  I36  1  0.34883112  0.84883112  0.65116888  1\n  I  I37  1  0.84883112  0.65116888  0.34883112  1\n  I  I38  1  0.65116888  0.34883112  0.84883112  1\n  I  I39  1  0.15116888  0.15116888  0.15116888  1\n",
    "abc": [
        10.06453,
        10.06453,
        10.06453
    ],
    "angles": [
        90.0,
        90.0,
        90.0
    ],
    "eij": [
        [
            -0.0,
            0.0,
            0.0,
            0.28094,
            0.0,
            0.0
        ],
        [
            0.0,
            -0.0,
            0.0,
            0.0,
            0.28094,
            0.0
        ],
        [
            0.0,
            0.0,
            -0.0,
            0.0,
            0.0,
            0.28094
        ]
    ],
    "Cij": [
        [
            33.505970000000005,
            26.291469999999997,
            26.291469999999997,
            0.0,
            0.0,
            0.0
        ],
        [
            26.291469999999997,
            33.505970000000005,
            26.291469999999997,
            0.0,
            0.0,
            0.0
        ],
        [
            26.291469999999997,
            26.291469999999997,
            33.505970000000005,
            0.0,
            0.0,
            0.0
        ],
        [
            0.0,
            0.0,
            0.0,
            14.920689999999999,
            0.0,
            0.0
        ],
        [
            0.0,
            0.0,
            0.0,
            0.0,
            14.920689999999999,
            0.0
        ],
        [
            0.0,
            0.0,
            0.0,
            0.0,
            0.0,
            14.920689999999999
        ]
    ],
    "Sij": [
        [
            0.0962784621863952,
            -0.04233128207862649,
            -0.04233128207862649,
            0.0,
            0.0,
            0.0
        ],
        [
            -0.042331282078626506,
            0.09627846218639517,
            -0.04233128207862648,
            0.0,
            0.0,
            0.0
        ],
        [
            -0.0423312820786265,
            -0.04233128207862648,
            0.09627846218639517,
            0.0,
            0.0,
            0.0
        ],
        [
            0.0,
            0.0,
            0.0,
            0.06702102918832843,
            0.0,
            0.0
        ],
        [
            0.0,
            0.0,
            0.0,
            0.0,
            0.06702102918832843,
            0.0
        ],
        [
            0.0,
            0.0,
            0.0,
            0.0,
            0.0,
            0.06702102918832843
        ]
    ],
    "dij": [
        [
            0.0,
            0.0,
            0.0,
            18.82888794016899,
            0.0,
            0.0
        ],
        [
            0.0,
            0.0,
            0.0,
            0.0,
            18.82888794016899,
            0.0
        ],
        [
            0.0,
            0.0,
            0.0,
            0.0,
            0.0,
            18.82888794016899
        ]
    ],
    "poisson": [
        0.43967551119245235,
        0.43967551119245224,
        0.4396755111924523
    ]
}