{
    "Formula": "PIrS",
    "matID": "88883385",
    "Source": "jarvis",
    "Point Group": "23",
    "Space Group": "P2_13",
    "poscar": "P4 Ir4 S4\n1.0\n   5.6918828755328805   -0.0000000000000000    0.0000000000000000\n  -0.0000000000000000    5.6918828755328805   -0.0000000000000000\n   0.0000000000000000   -0.0000000000000000    5.6918828755328805\nP Ir S\n4 4 4\ndirect\n   0.8881370199016465    0.1118629800983536    0.6118629800983535 P\n   0.1118629800983536    0.6118629800983535    0.8881370199016465 P\n   0.6118629800983535    0.8881370199016465    0.1118629800983536 P\n   0.3881370199016463    0.3881370199016463    0.3881370199016463 P\n   0.4943115999929136    0.5056884000070864    0.0056884000070863 Ir\n   0.5056884000070864    0.0056884000070863    0.4943115999929136 Ir\n   0.0056884000070863    0.4943115999929136    0.5056884000070864 Ir\n   0.9943115999929136    0.9943115999929136    0.9943115999929136 Ir\n   0.1102047051797747    0.8897952948202253    0.3897952948202253 S\n   0.8897952948202253    0.3897952948202253    0.1102047051797747 S\n   0.3897952948202253    0.1102047051797747    0.8897952948202253 S\n   0.6102047051797747    0.6102047051797747    0.6102047051797747 S\n",
    "cif": "# generated using pymatgen\ndata_PIrS\n_symmetry_space_group_name_H-M   'P 1'\n_cell_length_a   5.69188288\n_cell_length_b   5.69188288\n_cell_length_c   5.69188288\n_cell_angle_alpha   90.00000000\n_cell_angle_beta   90.00000000\n_cell_angle_gamma   90.00000000\n_symmetry_Int_Tables_number   1\n_chemical_formula_structural   PIrS\n_chemical_formula_sum   'P4 Ir4 S4'\n_cell_volume   184.40295002\n_cell_formula_units_Z   4\nloop_\n _symmetry_equiv_pos_site_id\n _symmetry_equiv_pos_as_xyz\n  1  'x, y, z'\nloop_\n _atom_site_type_symbol\n _atom_site_label\n _atom_site_symmetry_multiplicity\n _atom_site_fract_x\n _atom_site_fract_y\n _atom_site_fract_z\n _atom_site_occupancy\n  P  P0  1  0.88813702  0.11186298  0.61186298  1\n  P  P1  1  0.11186298  0.61186298  0.88813702  1\n  P  P2  1  0.61186298  0.88813702  0.11186298  1\n  P  P3  1  0.38813702  0.38813702  0.38813702  1\n  Ir  Ir4  1  0.49431160  0.50568840  0.00568840  1\n  Ir  Ir5  1  0.50568840  0.00568840  0.49431160  1\n  Ir  Ir6  1  0.00568840  0.49431160  0.50568840  1\n  Ir  Ir7  1  0.99431160  0.99431160  0.99431160  1\n  S  S8  1  0.11020471  0.88979529  0.38979529  1\n  S  S9  1  0.88979529  0.38979529  0.11020471  1\n  S  S10  1  0.38979529  0.11020471  0.88979529  1\n  S  S11  1  0.61020471  0.61020471  0.61020471  1\n",
    "abc": [
        5.69188,
        5.69188,
        5.69188
    ],
    "angles": [
        90.0,
        90.0,
        90.0
    ],
    "eij": [
        [
            -0.0,
            0.0,
            -0.0,
            -0.07212,
            0.0,
            0.0
        ],
        [
            -0.0,
            -0.0,
            0.0,
            0.0,
            -0.07212,
            0.0
        ],
        [
            0.0,
            -0.0,
            -0.0,
            0.0,
            0.0,
            -0.07212
        ]
    ],
    "Cij": [
        [
            423.79705,
            73.59913,
            73.59913,
            0.0,
            0.0,
            0.0
        ],
        [
            73.59913,
            423.79705,
            73.59913,
            0.0,
            0.0,
            0.0
        ],
        [
            73.59913,
            73.59913,
            423.79705,
            0.0,
            0.0,
            0.0
        ],
        [
            0.0,
            0.0,
            0.0,
            101.9709,
            0.0,
            0.0
        ],
        [
            0.0,
            0.0,
            0.0,
            0.0,
            101.9709,
            0.0
        ],
        [
            0.0,
            0.0,
            0.0,
            0.0,
            0.0,
            101.9709
        ]
    ],
    "Sij": [
        [
            0.002487461354506896,
            -0.00036806674229048007,
            -0.0003680667422904799,
            0.0,
            0.0,
            0.0
        ],
        [
            -0.00036806674229047996,
            0.002487461354506897,
            -0.00036806674229047996,
            0.0,
            0.0,
            0.0
        ],
        [
            -0.0003680667422904799,
            -0.00036806674229047996,
            0.0024874613545068968,
            0.0,
            0.0,
            0.0
        ],
        [
            0.0,
            0.0,
            0.0,
            0.00980671936797655,
            0.0,
            0.0
        ],
        [
            0.0,
            0.0,
            0.0,
            0.0,
            0.00980671936797655,
            0.0
        ],
        [
            0.0,
            0.0,
            0.0,
            0.0,
            0.0,
            0.00980671936797655
        ]
    ],
    "dij": [
        [
            0.0,
            0.0,
            0.0,
            -0.7072606008184689,
            0.0,
            0.0
        ],
        [
            0.0,
            0.0,
            0.0,
            0.0,
            -0.7072606008184689,
            0.0
        ],
        [
            0.0,
            0.0,
            0.0,
            0.0,
            0.0,
            -0.7072606008184689
        ]
    ],
    "poisson": [
        0.14796882838947417,
        0.14796882838947417,
        0.1479688283894742
    ]
}