{
    "Formula": "AsRhS",
    "matID": "93323159",
    "Source": "jarvis",
    "Point Group": "23",
    "Space Group": "P2_13",
    "poscar": "As4 Rh4 S4\n1.0\n   5.8359814123858289   -0.0000000000000000    0.0000000000000000\n   0.0000000000000000    5.8359814123858289    0.0000000000000000\n   0.0000000000000000   -0.0000000000000000    5.8359814123858289\nAs Rh S\n4 4 4\ndirect\n   0.1164453774896187    0.8835546225103813    0.3835546225103812 As\n   0.8835546225103813    0.3835546225103812    0.1164453774896187 As\n   0.3835546225103812    0.1164453774896187    0.8835546225103813 As\n   0.6164453774896187    0.6164453774896187    0.6164453774896187 As\n   0.4961364503564825    0.5038635496435179    0.0038635496435177 Rh\n   0.5038635496435179    0.0038635496435177    0.4961364503564825 Rh\n   0.0038635496435177    0.4961364503564825    0.5038635496435179 Rh\n   0.9961364503564821    0.9961364503564821    0.9961364503564821 Rh\n   0.8864279820728634    0.1135720179271366    0.6135720179271366 S\n   0.1135720179271366    0.6135720179271366    0.8864279820728634 S\n   0.6135720179271366    0.8864279820728634    0.1135720179271366 S\n   0.3864279820728634    0.3864279820728634    0.3864279820728634 S\n",
    "cif": "# generated using pymatgen\ndata_AsRhS\n_symmetry_space_group_name_H-M   'P 1'\n_cell_length_a   5.83598141\n_cell_length_b   5.83598141\n_cell_length_c   5.83598141\n_cell_angle_alpha   90.00000000\n_cell_angle_beta   90.00000000\n_cell_angle_gamma   90.00000000\n_symmetry_Int_Tables_number   1\n_chemical_formula_structural   AsRhS\n_chemical_formula_sum   'As4 Rh4 S4'\n_cell_volume   198.76581784\n_cell_formula_units_Z   4\nloop_\n _symmetry_equiv_pos_site_id\n _symmetry_equiv_pos_as_xyz\n  1  'x, y, z'\nloop_\n _atom_site_type_symbol\n _atom_site_label\n _atom_site_symmetry_multiplicity\n _atom_site_fract_x\n _atom_site_fract_y\n _atom_site_fract_z\n _atom_site_occupancy\n  As  As0  1  0.11644538  0.88355462  0.38355462  1\n  As  As1  1  0.88355462  0.38355462  0.11644538  1\n  As  As2  1  0.38355462  0.11644538  0.88355462  1\n  As  As3  1  0.61644538  0.61644538  0.61644538  1\n  Rh  Rh4  1  0.49613645  0.50386355  0.00386355  1\n  Rh  Rh5  1  0.50386355  0.00386355  0.49613645  1\n  Rh  Rh6  1  0.00386355  0.49613645  0.50386355  1\n  Rh  Rh7  1  0.99613645  0.99613645  0.99613645  1\n  S  S8  1  0.88642798  0.11357202  0.61357202  1\n  S  S9  1  0.11357202  0.61357202  0.88642798  1\n  S  S10  1  0.61357202  0.88642798  0.11357202  1\n  S  S11  1  0.38642798  0.38642798  0.38642798  1\n",
    "abc": [
        5.83598,
        5.83598,
        5.83598
    ],
    "angles": [
        90.0,
        90.0,
        90.0
    ],
    "eij": [
        [
            -0.0,
            -0.0,
            -0.0,
            0.11805,
            0.0,
            0.0
        ],
        [
            -0.0,
            -0.0,
            -0.0,
            0.0,
            0.11805,
            0.0
        ],
        [
            -0.0,
            -0.0,
            -0.0,
            0.0,
            0.0,
            0.11805
        ]
    ],
    "Cij": [
        [
            310.83687,
            63.61078,
            63.61078,
            0.0,
            0.0,
            0.0
        ],
        [
            63.61078,
            310.83687,
            63.61078,
            0.0,
            0.0,
            0.0
        ],
        [
            63.61078,
            63.61078,
            310.83687,
            0.0,
            0.0,
            0.0
        ],
        [
            0.0,
            0.0,
            0.0,
            74.11295,
            0.0,
            0.0
        ],
        [
            0.0,
            0.0,
            0.0,
            0.0,
            74.11295,
            0.0
        ],
        [
            0.0,
            0.0,
            0.0,
            0.0,
            0.0,
            74.11295
        ]
    ],
    "Sij": [
        [
            0.0034575205232225503,
            -0.0005873600150733876,
            -0.0005873600150733876,
            0.0,
            0.0,
            0.0
        ],
        [
            -0.0005873600150733876,
            0.0034575205232225507,
            -0.0005873600150733877,
            0.0,
            0.0,
            0.0
        ],
        [
            -0.0005873600150733876,
            -0.0005873600150733876,
            0.0034575205232225507,
            0.0,
            0.0,
            0.0
        ],
        [
            0.0,
            0.0,
            0.0,
            0.013492918579006773,
            0.0,
            0.0
        ],
        [
            0.0,
            0.0,
            0.0,
            0.0,
            0.013492918579006773,
            0.0
        ],
        [
            0.0,
            0.0,
            0.0,
            0.0,
            0.0,
            0.013492918579006773
        ]
    ],
    "dij": [
        [
            0.0,
            0.0,
            0.0,
            1.5928390382517497,
            0.0,
            0.0
        ],
        [
            0.0,
            0.0,
            0.0,
            0.0,
            1.5928390382517497,
            0.0
        ],
        [
            0.0,
            0.0,
            0.0,
            0.0,
            0.0,
            1.5928390382517497
        ]
    ],
    "poisson": [
        0.1698789670598814,
        0.16987896705988142,
        0.16987896705988142
    ]
}