{
    "Formula": "LiH",
    "matID": "93793883",
    "Source": "jarvis",
    "Point Group": "1",
    "Space Group": "P1",
    "poscar": "Li1 H1\n1.0\n   3.0370302351488130   -0.0001481211884429   -0.0000864223283432\n  -1.5181135434680972    2.6303944199207208    0.0000445760520588\n  -0.0001692679165440   -1.7531472266624633    2.4799194740269979\nLi H\n1 1\ndirect\n   0.7980194542473160    0.7163481199677092    0.8725567514375641 Li\n   0.0480498157526849    0.2163064300322931    0.6224866285624415 H\n",
    "cif": "# generated using pymatgen\ndata_LiH\n_symmetry_space_group_name_H-M   'P 1'\n_cell_length_a   3.03703024\n_cell_length_b   3.03704520\n_cell_length_c   3.03702582\n_cell_angle_alpha   119.99504245\n_cell_angle_beta   90.00291161\n_cell_angle_gamma   119.99388389\n_symmetry_Int_Tables_number   1\n_chemical_formula_structural   LiH\n_chemical_formula_sum   'Li1 H1'\n_cell_volume   19.81050307\n_cell_formula_units_Z   1\nloop_\n _symmetry_equiv_pos_site_id\n _symmetry_equiv_pos_as_xyz\n  1  'x, y, z'\nloop_\n _atom_site_type_symbol\n _atom_site_label\n _atom_site_symmetry_multiplicity\n _atom_site_fract_x\n _atom_site_fract_y\n _atom_site_fract_z\n _atom_site_occupancy\n  Li  Li0  1  0.79801945  0.71634812  0.87255675  1\n  H  H1  1  0.04804982  0.21630643  0.62248663  1\n",
    "abc": [
        3.03703,
        3.03705,
        3.03703
    ],
    "angles": [
        119.99504,
        90.00291,
        119.99388
    ],
    "eij": [
        [
            0.00021,
            -0.00015,
            -8e-05,
            -3e-05,
            -0.23491,
            -0.32755
        ],
        [
            -0.32766,
            0.32841,
            -0.0007,
            -0.23009,
            -0.00056,
            0.00216
        ],
        [
            -0.23152,
            -0.23394,
            0.46605,
            0.00371,
            -0.00018,
            0.00127
        ]
    ],
    "Cij": [
        [
            57.311260000000004,
            15.63558,
            8.77644,
            9.6675,
            0.013000000000000001,
            0.02039
        ],
        [
            15.63558,
            57.26209,
            8.7855,
            -9.6545,
            0.008069999999999999,
            -0.00219
        ],
        [
            8.77644,
            8.7855,
            64.12523999999999,
            0.00726,
            0.00014,
            0.01004
        ],
        [
            9.6675,
            -9.6545,
            0.00726,
            13.981819999999999,
            0.00049,
            -0.00166
        ],
        [
            0.013000000000000001,
            0.008069999999999999,
            0.00014,
            0.00049,
            13.94786,
            9.65663
        ],
        [
            0.02039,
            -0.00219,
            0.01004,
            -0.00166,
            9.65663,
            20.80718
        ]
    ],
    "Sij": [
        [
            0.02474906067309481,
            -0.010577286621949188,
            -0.0019353434336482624,
            -0.024414987106148166,
            3.232353783843399e-06,
            -2.78802451782762e-05
        ],
        [
            -0.01057728662194919,
            0.024767313315270247,
            -0.00194837229051995,
            0.024416431235968632,
            -2.4002638761125328e-05,
            2.699975804363492e-05
        ],
        [
            -0.0019353434336482627,
            -0.0019483722905199504,
            0.016126303324873022,
            -1.5572198974190463e-05,
            1.0294780962927096e-05,
            -1.086894565367357e-05
        ],
        [
            -0.024414987106148176,
            0.024416431235968636,
            -1.5572198974190466e-05,
            0.10526244293819241,
            -2.8337162893368526e-05,
            4.805202189663482e-05
        ],
        [
            3.2323537838434067e-06,
            -2.4002638761125324e-05,
            1.0294780962927096e-05,
            -2.8337162893368536e-05,
            0.1056389318239376,
            -0.049027131360028335
        ],
        [
            -2.7880245178276204e-05,
            2.699975804363492e-05,
            -1.0868945653673569e-05,
            4.805202189663483e-05,
            -0.049027131360028335,
            0.07081390577692077
        ]
    ],
    "dij": [
        [
            0.01604403490330031,
            -0.009718261217553998,
            -0.0002620272246491853,
            -0.021028996326875778,
            -8.756800292061385,
            -11.678141886306342
        ],
        [
            -5.964026827451095,
            5.983046058890195,
            -0.013464961525857817,
            -8.201290076525925,
            -0.16748533373196045,
            0.18736678025774972
        ],
        [
            -4.248034493846755,
            -4.162627214204333,
            8.41946316047981,
            0.3239102581988225,
            -0.07171988999836475,
            0.09400985582778298
        ]
    ],
    "poisson": [
        0.42706637120094004,
        0.12081952393359756,
        0.07819866213153749
    ]
}