{
    "Formula": "Tl3SbSe3",
    "matID": "95039916",
    "Source": "jarvis",
    "Point Group": "23",
    "Space Group": "P2_13",
    "poscar": "Tl12 Sb4 Se12\n1.0\n   9.6733705496664388    0.0000000000000000   -0.0000000000000001\n  -0.0000000000000000    9.6733705496664388   -0.0000000000000001\n   0.0000000000000001   -0.0000000000000001    9.6733705496664388\nTl Sb Se\n12 4 12\ndirect\n   0.6863241898434211    0.8136758101565789    0.1863241898434281 Tl\n   0.8136758101565789    0.1863241898434281    0.6863241898434211 Tl\n   0.1863241898434352    0.6863241898434211    0.8136758101565789 Tl\n   0.3136758101565648    0.3136758101565577    0.3136758101565648 Tl\n   0.4483133286321271    0.0516866713678729    0.9483133286321271 Tl\n   0.0516866713678729    0.9483133286321271    0.4483133286321271 Tl\n   0.9483133286321271    0.4483133286321271    0.0516866713678729 Tl\n   0.5516866713678729    0.5516866713678729    0.5516866713678729 Tl\n   0.9120188575807670    0.5879811424192330    0.4120188575807456 Tl\n   0.5879811424192330    0.4120188575807456    0.9120188575807670 Tl\n   0.4120188575807456    0.9120188575807670    0.5879811424192330 Tl\n   0.0879811424192473    0.0879811424192473    0.0879811424192473 Tl\n   0.2019797054483539    0.2980202945516390    0.7019797054483540 Sb\n   0.2980202945516390    0.7019797054483540    0.2019797054483539 Sb\n   0.7019797054483540    0.2019797054483539    0.2980202945516390 Sb\n   0.7980202945516460    0.7980202945516460    0.7980202945516460 Sb\n   0.8889199083734078    0.5494091536671589    0.7404910541099451 Se\n   0.3889199083734006    0.9505908463328411    0.2595089458900620 Se\n   0.1110800916265994    0.0494091536671375    0.7595089458900549 Se\n   0.9505908463328411    0.2595089458900620    0.3889199083734006 Se\n   0.7595089458900549    0.1110800916265994    0.0494091536671375 Se\n   0.2595089458900620    0.3889199083734006    0.9505908463328411 Se\n   0.5494091536671589    0.7404910541099451    0.8889199083734078 Se\n   0.7404910541099451    0.8889199083734078    0.5494091536671589 Se\n   0.0494091536671375    0.7595089458900549    0.1110800916265994 Se\n   0.4505908463328625    0.2404910541099308    0.6110800916265922 Se\n   0.2404910541099308    0.6110800916265922    0.4505908463328625 Se\n   0.6110800916265922    0.4505908463328625    0.2404910541099308 Se\n",
    "cif": "# generated using pymatgen\ndata_Tl3SbSe3\n_symmetry_space_group_name_H-M   'P 1'\n_cell_length_a   9.67337055\n_cell_length_b   9.67337055\n_cell_length_c   9.67337055\n_cell_angle_alpha   90.00000000\n_cell_angle_beta   90.00000000\n_cell_angle_gamma   90.00000000\n_symmetry_Int_Tables_number   1\n_chemical_formula_structural   Tl3SbSe3\n_chemical_formula_sum   'Tl12 Sb4 Se12'\n_cell_volume   905.17692178\n_cell_formula_units_Z   4\nloop_\n _symmetry_equiv_pos_site_id\n _symmetry_equiv_pos_as_xyz\n  1  'x, y, z'\nloop_\n _atom_site_type_symbol\n _atom_site_label\n _atom_site_symmetry_multiplicity\n _atom_site_fract_x\n _atom_site_fract_y\n _atom_site_fract_z\n _atom_site_occupancy\n  Tl  Tl0  1  0.68632419  0.81367581  0.18632419  1\n  Tl  Tl1  1  0.81367581  0.18632419  0.68632419  1\n  Tl  Tl2  1  0.18632419  0.68632419  0.81367581  1\n  Tl  Tl3  1  0.31367581  0.31367581  0.31367581  1\n  Tl  Tl4  1  0.44831333  0.05168667  0.94831333  1\n  Tl  Tl5  1  0.05168667  0.94831333  0.44831333  1\n  Tl  Tl6  1  0.94831333  0.44831333  0.05168667  1\n  Tl  Tl7  1  0.55168667  0.55168667  0.55168667  1\n  Tl  Tl8  1  0.91201886  0.58798114  0.41201886  1\n  Tl  Tl9  1  0.58798114  0.41201886  0.91201886  1\n  Tl  Tl10  1  0.41201886  0.91201886  0.58798114  1\n  Tl  Tl11  1  0.08798114  0.08798114  0.08798114  1\n  Sb  Sb12  1  0.20197971  0.29802029  0.70197971  1\n  Sb  Sb13  1  0.29802029  0.70197971  0.20197971  1\n  Sb  Sb14  1  0.70197971  0.20197971  0.29802029  1\n  Sb  Sb15  1  0.79802029  0.79802029  0.79802029  1\n  Se  Se16  1  0.88891991  0.54940915  0.74049105  1\n  Se  Se17  1  0.38891991  0.95059085  0.25950895  1\n  Se  Se18  1  0.11108009  0.04940915  0.75950895  1\n  Se  Se19  1  0.95059085  0.25950895  0.38891991  1\n  Se  Se20  1  0.75950895  0.11108009  0.04940915  1\n  Se  Se21  1  0.25950895  0.38891991  0.95059085  1\n  Se  Se22  1  0.54940915  0.74049105  0.88891991  1\n  Se  Se23  1  0.74049105  0.88891991  0.54940915  1\n  Se  Se24  1  0.04940915  0.75950895  0.11108009  1\n  Se  Se25  1  0.45059085  0.24049105  0.61108009  1\n  Se  Se26  1  0.24049105  0.61108009  0.45059085  1\n  Se  Se27  1  0.61108009  0.45059085  0.24049105  1\n",
    "abc": [
        9.67337,
        9.67337,
        9.67337
    ],
    "angles": [
        90.0,
        90.0,
        90.0
    ],
    "eij": [
        [
            0.0,
            -0.0,
            0.0,
            -0.00166,
            0.0,
            0.0
        ],
        [
            0.0,
            0.0,
            -0.0,
            0.0,
            -0.00166,
            0.0
        ],
        [
            -0.0,
            0.0,
            0.0,
            0.0,
            0.0,
            -0.00166
        ]
    ],
    "Cij": [
        [
            27.76107,
            8.29777,
            8.29777,
            0.0,
            0.0,
            0.0
        ],
        [
            8.29777,
            27.76107,
            8.29777,
            0.0,
            0.0,
            0.0
        ],
        [
            8.29777,
            8.29777,
            27.76107,
            0.0,
            0.0,
            0.0
        ],
        [
            0.0,
            0.0,
            0.0,
            5.09124,
            0.0,
            0.0
        ],
        [
            0.0,
            0.0,
            0.0,
            0.0,
            5.09124,
            0.0
        ],
        [
            0.0,
            0.0,
            0.0,
            0.0,
            0.0,
            5.09124
        ]
    ],
    "Sij": [
        [
            0.04176735056094526,
            -0.009611398161008361,
            -0.009611398161008361,
            0.0,
            0.0,
            0.0
        ],
        [
            -0.009611398161008361,
            0.04176735056094526,
            -0.00961139816100836,
            0.0,
            0.0,
            0.0
        ],
        [
            -0.00961139816100836,
            -0.00961139816100836,
            0.04176735056094526,
            0.0,
            0.0,
            0.0
        ],
        [
            0.0,
            0.0,
            0.0,
            0.19641580440128534,
            0.0,
            0.0
        ],
        [
            0.0,
            0.0,
            0.0,
            0.0,
            0.19641580440128534,
            0.0
        ],
        [
            0.0,
            0.0,
            0.0,
            0.0,
            0.0,
            0.19641580440128534
        ]
    ],
    "dij": [
        [
            0.0,
            0.0,
            0.0,
            -0.32605023530613364,
            0.0,
            0.0
        ],
        [
            0.0,
            0.0,
            0.0,
            0.0,
            -0.32605023530613364,
            0.0
        ],
        [
            0.0,
            0.0,
            0.0,
            0.0,
            0.0,
            -0.32605023530613364
        ]
    ],
    "poisson": [
        0.23011749684682037,
        0.23011749684682034,
        0.23011749684682034
    ]
}