{
    "Formula": "SbRhSe",
    "matID": "95762181",
    "Source": "jarvis",
    "Point Group": "23",
    "Space Group": "P2_13",
    "poscar": "Sb4 Rh4 Se4\n1.0\n   6.2525688726276734    0.0000000000000000    0.0000000000000000\n  -0.0000000000000000    6.2525688726276734    0.0000000000000000\n   0.0000000000000000   -0.0000000000000000    6.2525688726276734\nSb Rh Se\n4 4 4\ndirect\n   0.6240739975821599    0.6240739975821599    0.6240739975821599 Sb\n   0.8759260024178401    0.3759260024178401    0.1240739975821599 Sb\n   0.3759260024178401    0.1240739975821599    0.8759260024178401 Sb\n   0.1240739975821599    0.8759260024178401    0.3759260024178401 Sb\n   0.9950161406446643    0.9950161406446643    0.9950161406446643 Rh\n   0.5049838593553357    0.0049838593553357    0.4950161406446643 Rh\n   0.0049838593553357    0.4950161406446643    0.5049838593553357 Rh\n   0.4950161406446643    0.5049838593553357    0.0049838593553357 Rh\n   0.3779799913083152    0.3779799913083152    0.3779799913083152 Se\n   0.1220200086916848    0.6220200086916918    0.8779799913083082 Se\n   0.6220200086916918    0.8779799913083082    0.1220200086916848 Se\n   0.8779799913083082    0.1220200086916848    0.6220200086916918 Se\n",
    "cif": "# generated using pymatgen\ndata_SbRhSe\n_symmetry_space_group_name_H-M   'P 1'\n_cell_length_a   6.25256887\n_cell_length_b   6.25256887\n_cell_length_c   6.25256887\n_cell_angle_alpha   90.00000000\n_cell_angle_beta   90.00000000\n_cell_angle_gamma   90.00000000\n_symmetry_Int_Tables_number   1\n_chemical_formula_structural   SbRhSe\n_chemical_formula_sum   'Sb4 Rh4 Se4'\n_cell_volume   244.44178851\n_cell_formula_units_Z   4\nloop_\n _symmetry_equiv_pos_site_id\n _symmetry_equiv_pos_as_xyz\n  1  'x, y, z'\nloop_\n _atom_site_type_symbol\n _atom_site_label\n _atom_site_symmetry_multiplicity\n _atom_site_fract_x\n _atom_site_fract_y\n _atom_site_fract_z\n _atom_site_occupancy\n  Sb  Sb0  1  0.62407400  0.62407400  0.62407400  1\n  Sb  Sb1  1  0.87592600  0.37592600  0.12407400  1\n  Sb  Sb2  1  0.37592600  0.12407400  0.87592600  1\n  Sb  Sb3  1  0.12407400  0.87592600  0.37592600  1\n  Rh  Rh4  1  0.99501614  0.99501614  0.99501614  1\n  Rh  Rh5  1  0.50498386  0.00498386  0.49501614  1\n  Rh  Rh6  1  0.00498386  0.49501614  0.50498386  1\n  Rh  Rh7  1  0.49501614  0.50498386  0.00498386  1\n  Se  Se8  1  0.37797999  0.37797999  0.37797999  1\n  Se  Se9  1  0.12202001  0.62202001  0.87797999  1\n  Se  Se10  1  0.62202001  0.87797999  0.12202001  1\n  Se  Se11  1  0.87797999  0.12202001  0.62202001  1\n",
    "abc": [
        6.25257,
        6.25257,
        6.25257
    ],
    "angles": [
        90.0,
        90.0,
        90.0
    ],
    "eij": [
        [
            0.0,
            -0.0,
            -0.0,
            0.13282,
            0.0,
            0.0
        ],
        [
            -0.0,
            0.0,
            -0.0,
            0.0,
            0.13282,
            0.0
        ],
        [
            -0.0,
            -0.0,
            0.0,
            0.0,
            0.0,
            0.13282
        ]
    ],
    "Cij": [
        [
            229.78429999999997,
            59.56123,
            59.56123,
            0.0,
            0.0,
            0.0
        ],
        [
            59.56123,
            229.78429999999997,
            59.56123,
            0.0,
            0.0,
            0.0
        ],
        [
            59.56123,
            59.56123,
            229.78429999999997,
            0.0,
            0.0,
            0.0
        ],
        [
            0.0,
            0.0,
            0.0,
            56.721759999999996,
            0.0,
            0.0
        ],
        [
            0.0,
            0.0,
            0.0,
            0.0,
            56.721759999999996,
            0.0
        ],
        [
            0.0,
            0.0,
            0.0,
            0.0,
            0.0,
            56.721759999999996
        ]
    ],
    "Sij": [
        [
            0.004871794656846957,
            -0.0010028497142127364,
            -0.0010028497142127364,
            0.0,
            0.0,
            0.0
        ],
        [
            -0.0010028497142127361,
            0.0048717946568469575,
            -0.0010028497142127364,
            0.0,
            0.0,
            0.0
        ],
        [
            -0.0010028497142127364,
            -0.0010028497142127364,
            0.0048717946568469575,
            0.0,
            0.0,
            0.0
        ],
        [
            0.0,
            0.0,
            0.0,
            0.017629918394633737,
            0.0,
            0.0
        ],
        [
            0.0,
            0.0,
            0.0,
            0.0,
            0.017629918394633737,
            0.0
        ],
        [
            0.0,
            0.0,
            0.0,
            0.0,
            0.0,
            0.017629918394633737
        ]
    ],
    "dij": [
        [
            0.0,
            0.0,
            0.0,
            2.3416057611752525,
            0.0,
            0.0
        ],
        [
            0.0,
            0.0,
            0.0,
            0.0,
            2.3416057611752525,
            0.0
        ],
        [
            0.0,
            0.0,
            0.0,
            0.0,
            0.0,
            2.3416057611752525
        ]
    ],
    "poisson": [
        0.2058481083153419,
        0.2058481083153419,
        0.20584810831534192
    ]
}