{
    "Formula": "Na3AsSe3",
    "matID": "97586610",
    "Source": "jarvis",
    "Point Group": "23",
    "Space Group": "P2_13",
    "poscar": "Na12 As4 Se12\n1.0\n   8.9689774834118055    0.0000000000000000    0.0000000000000000\n  -0.0000000000000000    8.9689774834118055   -0.0000000000000000\n   0.0000000000000000   -0.0000000000000000    8.9689774834118055\nNa As Se\n12 4 12\ndirect\n   0.8209187364860835    0.1790812635139158    0.6790812635139165 Na\n   0.6790812635139165    0.8209187364860835    0.1790812635139158 Na\n   0.1790812635139158    0.6790812635139165    0.8209187364860835 Na\n   0.3209187364860858    0.3209187364860858    0.3209187364860858 Na\n   0.1862378810669811    0.3137621189330184    0.6862378810669820 Na\n   0.3137621189330184    0.6862378810669820    0.1862378810669811 Na\n   0.6862378810669820    0.1862378810669811    0.3137621189330184 Na\n   0.8137621189330180    0.8137621189330180    0.8137621189330180 Na\n   0.4131036885256125    0.0868963114743884    0.9131036885256152 Na\n   0.0868963114743884    0.9131036885256152    0.4131036885256125 Na\n   0.9131036885256152    0.4131036885256125    0.0868963114743884 Na\n   0.5868963114743848    0.5868963114743848    0.5868963114743848 Na\n   0.5287535689604170    0.4712464310395819    0.9712464310395830 As\n   0.9712464310395830    0.5287535689604170    0.4712464310395819 As\n   0.4712464310395819    0.9712464310395830    0.5287535689604170 As\n   0.0287535689604155    0.0287535689604155    0.0287535689604155 As\n   0.2712007686591973    0.3898771239153019   -0.0005105818682206 Se\n   0.7712007686592032    0.1101228760846955    1.0005105818682209 Se\n   0.7287992313407968    0.8898771239153018    0.5005105818682195 Se\n   0.1101228760846955    1.0005105818682209    0.7712007686592032 Se\n   0.5005105818682195    0.7287992313407968    0.8898771239153018 Se\n   1.0005105818682209    0.7712007686592032    0.1101228760846955 Se\n   0.3898771239153019   -0.0005105818682206    0.2712007686591973 Se\n  -0.0005105818682206    0.2712007686591973    0.3898771239153019 Se\n   0.8898771239153018    0.5005105818682195    0.7287992313407968 Se\n   0.6101228760846982    0.4994894181317797    0.2287992313408007 Se\n   0.4994894181317797    0.2287992313408007    0.6101228760846982 Se\n   0.2287992313408007    0.6101228760846982    0.4994894181317797 Se\n",
    "cif": "# generated using pymatgen\ndata_Na3AsSe3\n_symmetry_space_group_name_H-M   'P 1'\n_cell_length_a   8.96897748\n_cell_length_b   8.96897748\n_cell_length_c   8.96897748\n_cell_angle_alpha   90.00000000\n_cell_angle_beta   90.00000000\n_cell_angle_gamma   90.00000000\n_symmetry_Int_Tables_number   1\n_chemical_formula_structural   Na3AsSe3\n_chemical_formula_sum   'Na12 As4 Se12'\n_cell_volume   721.48748332\n_cell_formula_units_Z   4\nloop_\n _symmetry_equiv_pos_site_id\n _symmetry_equiv_pos_as_xyz\n  1  'x, y, z'\nloop_\n _atom_site_type_symbol\n _atom_site_label\n _atom_site_symmetry_multiplicity\n _atom_site_fract_x\n _atom_site_fract_y\n _atom_site_fract_z\n _atom_site_occupancy\n  Na  Na0  1  0.82091874  0.17908126  0.67908126  1\n  Na  Na1  1  0.67908126  0.82091874  0.17908126  1\n  Na  Na2  1  0.17908126  0.67908126  0.82091874  1\n  Na  Na3  1  0.32091874  0.32091874  0.32091874  1\n  Na  Na4  1  0.18623788  0.31376212  0.68623788  1\n  Na  Na5  1  0.31376212  0.68623788  0.18623788  1\n  Na  Na6  1  0.68623788  0.18623788  0.31376212  1\n  Na  Na7  1  0.81376212  0.81376212  0.81376212  1\n  Na  Na8  1  0.41310369  0.08689631  0.91310369  1\n  Na  Na9  1  0.08689631  0.91310369  0.41310369  1\n  Na  Na10  1  0.91310369  0.41310369  0.08689631  1\n  Na  Na11  1  0.58689631  0.58689631  0.58689631  1\n  As  As12  1  0.52875357  0.47124643  0.97124643  1\n  As  As13  1  0.97124643  0.52875357  0.47124643  1\n  As  As14  1  0.47124643  0.97124643  0.52875357  1\n  As  As15  1  0.02875357  0.02875357  0.02875357  1\n  Se  Se16  1  0.27120077  0.38987712  -0.00051058  1\n  Se  Se17  1  0.77120077  0.11012288  1.00051058  1\n  Se  Se18  1  0.72879923  0.88987712  0.50051058  1\n  Se  Se19  1  0.11012288  1.00051058  0.77120077  1\n  Se  Se20  1  0.50051058  0.72879923  0.88987712  1\n  Se  Se21  1  1.00051058  0.77120077  0.11012288  1\n  Se  Se22  1  0.38987712  -0.00051058  0.27120077  1\n  Se  Se23  1  -0.00051058  0.27120077  0.38987712  1\n  Se  Se24  1  0.88987712  0.50051058  0.72879923  1\n  Se  Se25  1  0.61012288  0.49948942  0.22879923  1\n  Se  Se26  1  0.49948942  0.22879923  0.61012288  1\n  Se  Se27  1  0.22879923  0.61012288  0.49948942  1\n",
    "abc": [
        8.96898,
        8.96898,
        8.96898
    ],
    "angles": [
        90.0,
        90.0,
        90.0
    ],
    "eij": [
        [
            -0.0,
            -0.0,
            0.0,
            0.08328,
            0.0,
            0.0
        ],
        [
            0.0,
            -0.0,
            -0.0,
            0.0,
            0.08328,
            0.0
        ],
        [
            -0.0,
            0.0,
            -0.0,
            0.0,
            0.0,
            0.08328
        ]
    ],
    "Cij": [
        [
            28.423270000000002,
            13.7487,
            13.7487,
            0.0,
            0.0,
            0.0
        ],
        [
            13.7487,
            28.423270000000002,
            13.7487,
            0.0,
            0.0,
            0.0
        ],
        [
            13.7487,
            13.7487,
            28.423270000000002,
            0.0,
            0.0,
            0.0
        ],
        [
            0.0,
            0.0,
            0.0,
            10.15568,
            0.0,
            0.0
        ],
        [
            0.0,
            0.0,
            0.0,
            0.0,
            10.15568,
            0.0
        ],
        [
            0.0,
            0.0,
            0.0,
            0.0,
            0.0,
            10.15568
        ]
    ],
    "Sij": [
        [
            0.0513908899443977,
            -0.016754207322506882,
            -0.016754207322506882,
            0.0,
            0.0,
            0.0
        ],
        [
            -0.01675420732250688,
            0.05139088994439769,
            -0.016754207322506875,
            0.0,
            0.0,
            0.0
        ],
        [
            -0.01675420732250688,
            -0.016754207322506875,
            0.05139088994439769,
            0.0,
            0.0,
            0.0
        ],
        [
            0.0,
            0.0,
            0.0,
            0.09846706473618703,
            0.0,
            0.0
        ],
        [
            0.0,
            0.0,
            0.0,
            0.0,
            0.09846706473618703,
            0.0
        ],
        [
            0.0,
            0.0,
            0.0,
            0.0,
            0.0,
            0.09846706473618703
        ]
    ],
    "dij": [
        [
            0.0,
            0.0,
            0.0,
            8.200337151229657,
            0.0,
            0.0
        ],
        [
            0.0,
            0.0,
            0.0,
            0.0,
            8.200337151229657,
            0.0
        ],
        [
            0.0,
            0.0,
            0.0,
            0.0,
            0.0,
            8.200337151229657
        ]
    ],
    "poisson": [
        0.3260151233153206,
        0.3260151233153205,
        0.32601512331532045
    ]
}